number1,number2,result
90781,32944,123725
90784,60365,151149
48256,88305,136561
5827,27925,33752
86952,95225,182177
93507,28116,121623
16735,73228,89963
71611,43054,114665
46592,22561,69153
85146,96453,181599
42918,1806,44724
50838,60555,111393
15514,31612,47126
65003,82164,147167
4138,6688,10826
20957,1827,22784
60599,55926,116525
18976,9609,28585
51855,23707,75562
53271,40002,93273
35312,26508,61820
96534,88570,185104
99418,41280,140698
72064,94835,166899
63668,38765,102433
39,46310,46349
36599,56669,93268
29,48748,48777
3589,82162,85751
19972,57858,77830
2564,51154,53718
26939,66992,93931
43241,70215,113456
67045,54567,121612
37745,75289,113034
7560,35001,42561
6888,13596,20484
61961,98920,160881
2916,82496,85412
45049,34713,79762
74913,47812,122725
29351,9934,39285
68842,18087,86929
68491,52152,120643
38881,8256,47137
11082,56518,67600
17475,30951,48426
36888,40698,77586
28764,41018,69782
1347,63385,64732
41142,62140,103282
60322,51735,112057
84831,7204,92035
60953,71349,132302
74146,10701,84847
77508,59213,136721
22345,94276,116621
35374,57642,93016
29030,11861,40891
99904,53736,153640
10622,75994,86616
49712,49391,99103
69221,34884,104105
78668,5074,83742
80037,27094,107131
85382,75710,161092
50855,29576,80431
94968,87807,182775
51662,91196,142858
1751,97748,99499
65032,97348,162380
87513,10556,98069
95524,67168,162692
87875,86907,174782
11884,93108,104992
43625,32472,76097
39244,33529,72773
88275,28291,116566
66927,99320,166247
23441,26686,50127
40919,69349,110268
61169,2516,63685
88052,65161,153213
3101,69631,72732
864,32164,33028
15707,52803,68510
91570,21672,113242
96662,40747,137409
36441,91647,128088
26822,63847,90669
66051,84453,150504
76804,81326,158130
45363,55888,101251
10034,53218,63252
13528,15842,29370
92118,87625,179743
3814,66486,70300
43693,6627,50320
60444,75023,135467
43872,86379,130251
7185,57115,64300
5156,15501,20657
12242,8426,20668
28354,68538,96892
71563,93470,165033
91528,38904,130432
17133,48292,65425
1318,27101,28419
96622,93767,190389
51890,72543,124433
60603,14205,74808
49147,6319,55466
21749,97537,119286
2380,19481,21861
93432,50337,143769
12549,20518,33067
92542,45905,138447
72837,39575,112412
74652,62993,137645
8610,1923,10533
98994,45326,144320
82750,40444,123194
51133,28452,79585
13710,93588,107298
61151,63933,125084
42260,33751,76011
26133,59378,85511
5129,67461,72590
17195,26938,44133
54401,3344,57745
91112,32330,123442
29524,81165,110689
48024,17005,65029
69943,72754,142697
38690,86486,125176
75482,90488,165970
2450,69781,72231
28285,46417,74702
56287,98763,155050
68263,4153,72416
81076,70716,151792
39003,52624,91627
67135,92192,159327
57941,25307,83248
15364,25349,40713
31184,66517,97701
60752,11931,72683
19665,9769,29434
36000,86814,122814
25754,84027,109781
64951,94716,159667
54926,33102,88028
47229,80987,128216
38244,55339,93583
18763,6745,25508
50200,3028,53228
31058,50443,81501
92192,54086,146278
62701,29741,92442
66485,78499,144984
52758,75575,128333
16648,83125,99773
75589,27733,103322
7187,45955,53142
89692,83859,173551
74549,83000,157549
76963,19694,96657
44298,69746,114044
79956,92939,172895
12424,9977,22401
75738,35237,110975
51112,44254,95366
76697,5525,82222
18404,74266,92670
5404,41103,46507
26137,92121,118258
13420,19240,32660
79505,58430,137935
89903,67606,157509
14135,75554,89689
18432,13687,32119
20895,15898,36793
62373,98167,160540
63362,8367,71729
55586,73659,129245
20725,16860,37585
46500,31767,78267
19,25636,25655
4869,81519,86388
70286,60491,130777
23296,36214,59510
54309,19018,73327
48757,25210,73967
73264,11334,84598
74647,71491,146138
65134,20784,85918
5667,83169,88836
68026,40722,108748
95057,77532,172589
6997,73086,80083
6788,52414,59202
51736,26286,78022
95898,75718,171616
731,29615,30346
3306,81313,84619
78520,57889,136409
29453,72605,102058
95948,95532,191480
85556,78915,164471
42791,9819,52610
66471,77490,143961
90436,77391,167827
66842,25598,92440
36124,86852,122976
66161,47789,113950
70425,19505,89930
62002,43259,105261
56488,69243,125731
10191,85747,95938
3834,35162,38996
34602,35370,69972
1264,17714,18978
88785,44027,132812
46474,12042,58516
40624,86186,126810
71995,72886,144881
61263,59791,121054
40411,53328,93739
81392,94871,176263
84700,6477,91177
97467,22379,119846
52461,81539,134000
50614,31032,81646
77378,80119,157497
46860,30027,76887
75091,40911,116002
25603,76107,101710
59987,78601,138588
41071,24984,66055
82077,55152,137229
17749,24031,41780
53291,96632,149923
72831,55238,128069
86804,78400,165204
91630,86768,178398
46960,17890,64850
61787,17771,79558
75856,97194,173050
81458,89657,171115
14743,62800,77543
16843,55380,72223
29849,22260,52109
21712,59391,81103
39470,33498,72968
43021,88365,131386
97852,46589,144441
84395,85507,169902
95192,16334,111526
4554,54373,58927
68193,43568,111761
35031,21951,56982
86158,33449,119607
1712,41092,42804
862,19299,20161
9127,49970,59097
42264,55350,97614
97886,63108,160994
39643,4674,44317
8877,40700,49577
2147,31264,33411
48790,79807,128597
43905,94586,138491
94351,13303,107654
39354,36627,75981
20756,35192,55948
53639,2569,56208
42982,66941,109923
31630,54287,85917
78601,14280,92881
86708,19636,106344
92355,64577,156932
42039,77922,119961
38219,84091,122310
94869,13684,108553
41488,56847,98335
2253,67880,70133
49931,68301,118232
18059,47434,65493
39680,22482,62162
87402,42368,129770
45367,82976,128343
10375,38974,49349
88197,21159,109356
76760,7601,84361
44377,36698,81075
42772,4677,47449
92422,70574,162996
69494,46386,115880
83339,23685,107024
71454,34348,105802
28986,34692,63678
71416,13890,85306
32634,99473,132107
50783,6373,57156
62264,55350,117614
8345,43536,51881
58617,95327,153944
87142,9327,96469
50677,12622,63299
75227,99537,174764
11033,88418,99451
19455,63391,82846
5849,53754,59603
96159,23076,119235
80922,95399,176321
11224,90635,101859
69288,38241,107529
2735,79216,81951
14253,96180,110433
66041,70686,136727
95413,21346,116759
58670,77245,135915
34234,505,34739
64321,2621,66942
5030,97006,102036
85878,58534,144412
10969,89987,100956
14501,67543,82044
29085,19688,48773
8703,30337,39040
37987,66354,104341
74059,64249,138308
37721,25067,62788
70760,4082,74842
58293,29139,87432
60473,96461,156934
32195,84437,116632
63286,98382,161668
49997,13360,63357
13228,63633,76861
4222,75281,79503
31787,98662,130449
94375,25529,119904
68649,86023,154672
14063,88887,102950
98859,79948,178807
8842,20606,29448
88284,23506,111790
26108,88163,114271
40959,37199,78158
59848,26408,86256
32052,34191,66243
42146,82281,124427
90200,5995,96195
40621,43634,84255
4442,46018,50460
20684,36205,56889
90356,93217,183573
31124,82939,114063
60847,27821,88668
59100,62840,121940
4473,79800,84273
86696,66549,153245
89822,91734,181556
30772,31409,62181
91488,89313,180801
56860,91731,148591
4735,54727,59462
81597,36963,118560
1445,41503,42948
99930,89594,189524
16889,67488,84377
50151,34145,84296
17769,53328,71097
58588,85267,143855
62763,60372,123135
50822,19271,70093
41482,28966,70448
45452,70755,116207
54358,88358,142716
80286,23212,103498
12481,3766,16247
21808,27554,49362
6794,93190,99984
82200,23202,105402
75974,10025,85999
71549,49043,120592
92988,20191,113179
73119,74324,147443
8257,81700,89957
46330,47955,94285
12421,47117,59538
37219,64395,101614
93458,86712,180170
55137,85384,140521
40270,4835,45105
45785,22162,67947
22330,73655,95985
91065,59969,151034
23915,31446,55361
6138,36351,42489
95683,17859,113542
19950,86853,106803
68171,30644,98815
26858,7076,33934
98764,33321,132085
67794,54506,122300
37044,20524,57568
15529,32795,48324
64315,23203,87518
27502,35007,62509
13948,1171,15119
94839,79352,174191
88125,74356,162481
52140,19099,71239
76059,45927,121986
53147,35513,88660
10020,47149,57169
10164,48469,58633
95066,62752,157818
1277,56759,58036
53190,10986,64176
37243,19703,56946
29611,20319,49930
51625,17,51642
13221,23430,36651
58835,88320,147155
86838,73646,160484
69997,48803,118800
35387,45919,81306
47964,92722,140686
20975,17031,38006
49889,96795,146684
59086,17871,76957
93017,32291,125308
6012,11293,17305
72187,84311,156498
12075,6103,18178
49620,48526,98146
3023,39569,42592
94154,59000,153154
30441,55943,86384
44734,77148,121882
62237,14781,77018
99348,588,99936
90294,33568,123862
69220,90223,159443
78323,58713,137036
35803,2209,38012
30364,57356,87720
55469,55644,111113
21204,47735,68939
7328,33141,40469
59831,10010,69841
94633,72513,167146
50552,31373,81925
85629,67547,153176
50225,57646,107871
56265,67214,123479
41915,34037,75952
95256,68496,163752
17749,57729,75478
36199,15370,51569
56102,38370,94472
46264,26329,72593
76911,60144,137055
81934,31214,113148
7623,69846,77469
39031,85501,124532
95053,51809,146862
2674,70047,72721
68853,28632,97485
71023,30765,101788
2388,42131,44519
44848,84854,129702
45472,98622,144094
6817,27130,33947
71447,67603,139050
32791,9890,42681
60901,28991,89892
96431,66404,162835
67835,80632,148467
43072,17697,60769
83296,20702,103998
20335,20693,41028
21485,61933,83418
22556,96117,118673
36215,88952,125167
44886,48482,93368
8805,25546,34351
62059,91980,154039
20498,44109,64607
20606,17163,37769
90297,19326,109623
50725,56084,106809
26823,34696,61519
84136,54679,138815
52388,96113,148501
92675,39528,132203
12288,42606,54894
71818,18067,89885
7334,87673,95007
64307,40409,104716
36400,1947,38347
98954,20689,119643
67748,2084,69832
34242,54296,88538
29400,71093,100493
92326,49210,141536
19187,33699,52886
88926,57414,146340
78820,41392,120212
46571,20436,67007
73531,80422,153953
86940,12596,99536
50713,34562,85275
92481,72403,164884
15006,76040,91046
6536,12052,18588
23643,76453,100096
69396,98469,167865
11376,71350,82726
77913,67535,145448
62523,62864,125387
71306,37364,108670
25436,12151,37587
38169,89663,127832
87632,38312,125944
38497,46931,85428
37823,54540,92363
78045,61690,139735
45950,93184,139134
32751,87597,120348
57008,13006,70014
21220,19084,40304
43147,62987,106134
68091,73791,141882
20305,32671,52976
35895,54926,90821
96863,37870,134733
42724,45859,88583
34496,30581,65077
60939,60206,121145
78241,54302,132543
65565,66464,132029
36546,34286,70832
75290,92641,167931
54925,80730,135655
64136,90195,154331
53209,16491,69700
37832,33944,71776
35795,73279,109074
8812,23581,32393
58866,43031,101897
397,58056,58453
60797,72552,133349
83673,78604,162277
73814,97490,171304
16304,44613,60917
94566,3816,98382
95395,211,95606
25678,92398,118076
19481,26822,46303
2260,20199,22459
45082,84058,129140
53821,43211,97032
84938,65572,150510
5653,43488,49141
46228,14930,61158
17230,78247,95477
51081,53236,104317
54315,70294,124609
88409,84296,172705
96732,69643,166375
29432,57429,86861
57511,37764,95275
73302,93199,166501
80386,23323,103709
41026,57298,98324
42668,20157,62825
16950,8203,25153
36052,76326,112378
61588,43728,105316
60340,60095,120435
73824,15570,89394
6561,7563,14124
38686,5049,43735
14226,76448,90674
72952,34501,107453
56342,11557,67899
70507,88778,159285
85550,56446,141996
30567,62373,92940
78665,46931,125596
81573,25522,107095
88627,38699,127326
59929,55085,115014
62905,74301,137206
88565,88507,177072
5528,73942,79470
5661,51402,57063
93622,57980,151602
64827,44801,109628
35532,23688,59220
44593,84571,129164
82468,5737,88205
10621,36876,47497
72680,77656,150336
96721,62523,159244
63349,97162,160511
78930,52806,131736
54402,20576,74978
66403,72083,138486
26135,61632,87767
67523,90763,158286
16175,5806,21981
78055,11135,89190
55158,61307,116465
90422,60041,150463
6679,12616,19295
94043,90778,184821
65174,53563,118737
31480,80434,111914
19979,62524,82503
89915,41285,131200
4296,77983,82279
40601,77864,118465
2129,52076,54205
59480,24033,83513
52880,86549,139429
71193,72993,144186
96363,84561,180924
98703,85905,184608
55299,98933,154232
69692,37234,106926
67188,77087,144275
41696,17365,59061
48017,2677,50694
29781,51699,81480
57623,72728,130351
89443,34905,124348
65179,22200,87379
20986,23373,44359
46012,63878,109890
87230,16103,103333
44906,39369,84275
81547,4024,85571
83525,14582,98107
26423,83604,110027
27736,9576,37312
77375,36348,113723
84320,47351,131671
38122,68170,106292
43256,27691,70947
71606,75157,146763
97756,62684,160440
75531,1919,77450
59274,36270,95544
82154,98706,180860
7418,81557,88975
66653,1726,68379
36743,31394,68137
59523,97855,157378
18862,6885,25747
81807,36103,117910
87925,86278,174203
82675,11104,93779
18354,33920,52274
55818,57354,113172
82787,62014,144801
12511,9371,21882
43780,20795,64575
93758,98007,191765
62221,87193,149414
39344,22916,62260
20334,86877,107211
68991,17062,86053
32952,46881,79833
83495,38180,121675
92903,59114,152017
67160,4355,71515
24308,91623,115931
62525,49807,112332
99135,1758,100893
82783,23576,106359
71590,75721,147311
50256,82125,132381
47441,75672,123113
16997,81398,98395
50183,85360,135543
84361,61606,145967
42209,78218,120427
75327,54928,130255
42535,94582,137117
10251,18840,29091
71886,76779,148665
2390,87632,90022
27738,531,28269
45557,85247,130804
5685,65210,70895
63003,61369,124372
84984,39669,124653
42568,64522,107090
81873,6798,88671
24800,50918,75718
2515,25429,27944
24664,36788,61452
84681,11546,96227
8606,32381,40987
85906,73124,159030
65373,43983,109356
54213,56158,110371
41478,9754,51232
23899,74078,97977
61420,98196,159616
78734,59091,137825
79418,36701,116119
23565,81621,105186
37225,95937,133162
28179,71137,99316
91940,47885,139825
20687,49890,70577
94660,6086,100746
65716,91488,157204
5314,17437,22751
33774,61736,95510
2032,51361,53393
8923,50162,59085
84337,64041,148378
109,5986,6095
71294,64872,136166
40605,47615,88220
77403,98027,175430
95988,75150,171138
69722,41620,111342
40882,98993,139875
93143,65994,159137
8550,86653,95203
19762,19708,39470
1994,75399,77393
44881,69187,114068
26793,66595,93388
10050,70978,81028
85876,95396,181272
4290,2613,6903
12933,51588,64521
28873,51117,79990
28528,89092,117620
88325,70749,159074
82518,25479,107997
53567,47546,101113
13929,72912,86841
6323,67695,74018
77116,80090,157206
87124,65633,152757
47345,36504,83849
67291,70461,137752
45962,6012,51974
4555,3032,7587
65537,42377,107914
72054,15932,87986
76425,72744,149169
73044,64293,137337
34628,43106,77734
14963,74890,89853
41043,11743,52786
31259,70067,101326
95246,67285,162531
15843,34910,50753
88549,75439,163988
86083,74032,160115
72231,88114,160345
64203,9254,73457
78382,10658,89040
56047,22215,78262
28018,80032,108050
38218,17025,55243
96364,50467,146831
21162,9246,30408
57927,32434,90361
84514,81962,166476
39061,70912,109973
70209,31785,101994
42576,70000,112576
92050,13117,105167
4602,70963,75565
89170,6362,95532
45732,74453,120185
93870,18442,112312
28419,1742,30161
18660,89093,107753
3452,92126,95578
36672,17110,53782
56858,36642,93500
43859,48275,92134
23878,18820,42698
27208,39897,67105
10918,78236,89154
74689,41880,116569
98144,6104,104248
4044,56096,60140
54112,44139,98251
8934,39391,48325
18417,62663,81080
64118,51476,115594
44252,33789,78041
63816,80142,143958
60561,7221,67782
16609,59575,76184
78377,58388,136765
13443,98432,111875
27970,82857,110827
54738,55585,110323
15241,72396,87637
69855,75143,144998
11425,11475,22900
60063,39226,99289
52481,80524,133005
69190,85735,154925
6284,77310,83594
29240,72462,101702
638,61250,61888
84774,20282,105056
16500,37739,54239
42182,51071,93253
47529,46262,93791
79757,28452,108209
79978,79028,159006
71161,57697,128858
89786,69867,159653
33818,46440,80258
91361,63650,155011
2141,21494,23635
42881,91046,133927
9785,81383,91168
20742,53419,74161
39409,23983,63392
63068,63293,126361
37758,49407,87165
85406,71039,156445
73633,98637,172270
77103,7170,84273
97998,59758,157756
68807,84378,153185
74570,18681,93251
32486,72331,104817
61642,1563,63205
81123,16576,97699
4635,39114,43749
58184,46790,104974
65597,41543,107140
3273,19611,22884
18720,22812,41532
80947,63627,144574
44853,48544,93397
36333,24431,60764
9223,39172,48395
35930,24224,60154
43656,25467,69123
558,22433,22991
77477,30652,108129
72136,76137,148273
32499,52087,84586
67682,35720,103402
33378,48477,81855
68139,14296,82435
38893,7749,46642
89274,98792,188066
22548,45556,68104
46281,88081,134362
93449,64655,158104
88318,18382,106700
80129,2293,82422
29964,6573,36537
8238,96492,104730
53667,89293,142960
62651,73215,135866
42996,14391,57387
83650,48538,132188
11767,64190,75957
84227,73389,157616
90741,62848,153589
39420,89559,128979
18097,62131,80228
95541,80596,176137
21917,88984,110901
21138,85212,106350
52610,69543,122153
58562,52666,111228
96095,2815,98910
96582,52949,149531
942,83372,84314
93807,23389,117196
38989,35585,74574
14243,54150,68393
82233,82720,164953
23285,51055,74340
22513,53783,76296
69852,64204,134056
20925,80760,101685
66134,42754,108888
9867,4218,14085
14456,87427,101883
18442,72562,91004
74589,90845,165434
13557,76549,90106
3825,83485,87310
51139,9400,60539
78635,19278,97913
79946,40423,120369
2621,34949,37570
54161,86948,141109
83058,92748,175806
90339,22169,112508
71516,67967,139483
74413,9583,83996
67416,75463,142879
890,72116,73006
4625,1797,6422
63014,85867,148881
8987,21622,30609
6159,53579,59738
17074,13269,30343
62106,11754,73860
72882,62006,134888
81862,94308,176170
88349,13301,101650
65673,21176,86849
88273,69815,158088
78536,35396,113932
18410,58736,77146
37844,25691,63535
81133,55531,136664
16085,54419,70504
43590,85863,129453
39719,37572,77291
79595,62733,142328
7709,66616,74325
61910,44906,106816
28726,85009,113735
46119,91845,137964
93529,7252,100781
76312,7789,84101
25882,83757,109639
22743,15183,37926
77330,27311,104641
60727,75502,136229
31350,18906,50256
49398,88437,137835
4071,69069,73140
70510,30895,101405
91406,96788,188194
87816,76891,164707
24914,41136,66050
61679,30174,91853
27064,65476,92540
85707,73843,159550
45077,11454,56531
58225,7793,66018
1531,75667,77198
22897,90434,113331
62763,5889,68652
34428,67951,102379
22842,76231,99073
40523,81733,122256
69188,68827,138015
34158,15606,49764
49089,95259,144348
22577,38803,61380
36454,97344,133798
54333,4677,59010
77049,26955,104004
78681,47714,126395
66830,94157,160987
9515,11812,21327
33045,18723,51768
56625,13499,70124
77639,33674,111313
56958,97376,154334
99321,54122,153443
12651,41743,54394
76136,8939,85075
59084,99937,159021
40830,55788,96618
31967,43810,75777
30771,35765,66536
65922,96200,162122
53927,52241,106168
18222,51382,69604
22557,74828,97385
69948,55238,125186
51758,66948,118706
27184,72430,99614
31541,32093,63634
10753,1709,12462
72638,60151,132789
22655,73050,95705
25942,21974,47916
1230,98407,99637
36682,42462,79144
74728,37778,112506
94376,19904,114280
79031,25645,104676
92648,5099,97747
72755,92902,165657
41766,70051,111817
77392,79881,157273
72909,57924,130833
55715,97020,152735
58720,25843,84563
85692,19222,104914
57471,21952,79423
14166,92342,106508
2958,26301,29259
88004,72780,160784
1564,3856,5420
61851,31589,93440
89423,59855,149278
63994,935,64929
86218,17366,103584
68188,95476,163664
86030,24995,111025
42088,46661,88749
70298,2055,72353
6326,84579,90905
79141,59045,138186
65107,90566,155673
99120,3344,102464
66760,42051,108811
79067,76579,155646
80295,60341,140636
13163,19425,32588
36067,87655,123722
70367,12911,83278
52214,25846,78060
6512,76873,83385
81383,50945,132328
7706,69154,76860
64326,64920,129246
15663,59653,75316
28843,78724,107567
32077,65606,97683
85855,10802,96657
21833,5704,27537
20088,56292,76380
85558,91616,177174
86268,58728,144996
36716,64983,101699
96032,53245,149277
2947,48527,51474
9127,75280,84407
42772,68020,110792
64003,61326,125329
14135,36843,50978
59473,84824,144297
55663,89436,145099
65417,50099,115516
69833,2140,71973
12793,43225,56018
73026,269,73295
70709,82721,153430
86533,66940,153473
24360,48742,73102
94583,21002,115585
91617,18594,110211
91701,25587,117288
37416,71460,108876
2518,69722,72240
69933,69803,139736
50178,95392,145570
92478,58901,151379
79601,94287,173888
42490,8278,50768
68804,63661,132465
75218,79524,154742
45979,99370,145349
79781,22683,102464
79885,66291,146176
80296,60614,140910
25330,4001,29331
96789,91983,188772
89613,91515,181128
35595,77386,112981
9889,46009,55898
28580,76213,104793
40725,5599,46324
90213,22019,112232
1018,2572,3590
45771,3103,48874
23874,81143,105017
25141,61323,86464
80939,22066,103005
64077,75038,139115
24093,83616,107709
47346,73058,120404
84659,12132,96791
24656,12049,36705
58637,13080,71717
56862,57514,114376
58462,24366,82828
22606,58124,80730
60025,30006,90031
69715,51165,120880
27610,98393,126003
66651,58280,124931
85273,58367,143640
21891,86421,108312
67581,16615,84196
48042,18640,66682
45226,34325,79551
52377,43561,95938
68311,58750,127061
58755,71147,129902
44948,92120,137068
17622,63075,80697
63938,34383,98321
41535,94417,135952
75222,91287,166509
61626,46381,108007
70494,3177,73671
73608,74644,148252
24463,45286,69749
55274,65367,120641
12083,2556,14639
49646,31958,81604
85010,46245,131255
73340,39877,113217
34925,6223,41148
94513,76027,170540
77096,62967,140063
76856,26345,103201
75663,13553,89216
73941,79579,153520
54227,69173,123400
6289,43761,50050
57426,59523,116949
62595,39915,102510
58006,41324,99330
24835,82838,107673
58514,75525,134039
14174,86241,100415
6540,39354,45894
57507,18866,76373
91044,20740,111784
63242,13195,76437
31532,93374,124906
27373,97176,124549
68335,65126,133461
30490,57903,88393
18335,95557,113892
36959,94165,131124
43643,30431,74074
70596,69798,140394
53286,22970,76256
75138,69934,145072
29105,38126,67231
95169,99402,194571
83170,19373,102543
72671,51354,124025
92232,30394,122626
11160,68095,79255
4240,44519,48759
22577,40120,62697
54078,24099,78177
99088,9417,108505
54374,90371,144745
98445,9435,107880
64678,35840,100518
505,34677,35182
11930,13590,25520
41205,9074,50279
92766,53196,145962
26000,30036,56036
79909,17167,97076
42860,83206,126066
56815,96139,152954
97541,10186,107727
30329,35204,65533
77414,89119,166533
77086,19318,96404
51866,99777,151643
53573,70321,123894
5838,58007,63845
45722,74925,120647
21478,67614,89092
91453,95397,186850
13215,41140,54355
14944,86604,101548
73627,55877,129504
225,51985,52210
99943,12613,112556
63049,32087,95136
42393,20808,63201
4724,34591,39315
83279,76721,160000
31745,8365,40110
47903,87155,135058
226,51023,51249
42499,26893,69392
38653,83300,121953
75078,41910,116988
86028,88202,174230
73198,61622,134820
20865,32807,53672
35950,74719,110669
64514,4883,69397
43098,15733,58831
45469,94551,140020
57041,5349,62390
60089,12896,72985
46947,88214,135161
70987,917,71904
95527,95714,191241
60116,46628,106744
26217,6086,32303
77446,83835,161281
19477,46858,66335
81387,86785,168172
34193,86630,120823
38347,4155,42502
99497,15967,115464
8872,33004,41876
49762,94744,144506
15002,52814,67816
49580,93384,142964
26540,92440,118980
39346,97625,136971
26707,32038,58745
642,73616,74258
5726,13955,19681
59131,63219,122350
98445,56945,155390
95105,26135,121240
16343,85004,101347
52167,60044,112211
60761,66005,126766
91773,19521,111294
27574,65451,93025
45347,25413,70760
78755,62625,141380
1901,1212,3113
72558,39745,112303
57824,43534,101358
17480,96408,113888
4095,5956,10051
44029,54124,98153
38292,53943,92235
16333,14145,30478
60387,58599,118986
57412,90698,148110
93805,92899,186704
23881,26031,49912
90600,72047,162647
76247,98773,175020
14782,33672,48454
15642,59403,75045
70806,31346,102152
91389,1141,92530
76380,28235,104615
67447,90409,157856
52927,70610,123537
97332,18254,115586
65309,8329,73638
6914,61341,68255
25175,75269,100444
54886,18893,73779
46468,57489,103957
20709,85732,106441
67779,73611,141390
63577,99512,163089
46461,88467,134928
46656,75810,122466
65846,87047,152893
12465,12995,25460
70392,34018,104410
12529,22069,34598
56477,60643,117120
28929,64513,93442
97170,58050,155220
98076,15279,113355
60803,66136,126939
33379,93200,126579
68593,13478,82071
55265,76860,132125
17853,74760,92613
62282,50207,112489
79973,14960,94933
71525,11855,83380
86568,34403,120971
3259,26405,29664
89202,68981,158183
54219,98639,152858
85192,51601,136793
9532,3432,12964
3456,86133,89589
83189,28019,111208
48479,68556,117035
53157,28647,81804
70499,69257,139756
77547,43546,121093
7508,46913,54421
30272,22952,53224
93197,97248,190445
8544,13926,22470
15513,84229,99742
37324,4227,41551
6727,1693,8420
64489,50369,114858
62359,47789,110148
25704,38397,64101
90765,75376,166141
48252,83838,132090
20312,53164,73476
15440,23357,38797
83586,49862,133448
29952,74161,104113
74058,12672,86730
70160,37423,107583
94557,24964,119521
45635,28515,74150
54306,43928,98234
61972,84788,146760
51390,67039,118429
32614,15579,48193
68761,73985,142746
73848,92046,165894
30568,91485,122053
61175,25880,87055
50865,31659,82524
29367,53433,82800
19041,96532,115573
2996,42198,45194
40666,75555,116221
92337,51809,144146
22915,59100,82015
91712,85232,176944
72644,17648,90292
38110,9233,47343
94927,44022,138949
69633,89079,158712
17493,58505,75998
54478,32095,86573
64238,12691,76929
41944,39205,81149
47080,12583,59663
78747,93150,171897
10868,40595,51463
55322,59374,114696
69872,16847,86719
27295,79785,107080
53493,11149,64642
75950,56422,132372
8702,52428,61130
34543,90621,125164
59351,79492,138843
46593,36576,83169
72637,74502,147139
53677,39499,93176
41832,30515,72347
38636,56627,95263
40268,50290,90558
79354,49871,129225
96697,67316,164013
13787,17584,31371
17715,28622,46337
26867,12517,39384
24077,64011,88088
1636,40880,42516
515,37849,38364
67199,15151,82350
75784,17922,93706
84810,5638,90448
5890,96603,102493
52838,47974,100812
86874,25546,112420
42648,95336,137984
91770,16857,108627
94524,78538,173062
37137,13038,50175
63676,90174,153850
31781,86581,118362
19652,6494,26146
28059,27155,55214
29018,87026,116044
66851,94875,161726
65428,59732,125160
62861,39160,102021
17986,70930,88916
81337,28084,109421
9780,36472,46252
2587,94654,97241
47202,45542,92744
13677,27496,41173
68364,36545,104909
8879,74836,83715
13667,76786,90453
77419,50088,127507
89367,40047,129414
10026,23249,33275
9241,62024,71265
37522,91030,128552
70985,8694,79679
80638,545,81183
21423,25609,47032
26123,88899,115022
85253,23386,108639
73268,5831,79099
24205,63835,88040
24410,97046,121456
57489,64781,122270
89554,65946,155500
65753,20098,85851
5261,98426,103687
87872,79990,167862
87230,33751,120981
36176,2891,39067
49499,17652,67151
92497,54943,147440
47925,69785,117710
32008,37006,69014
92702,30163,122865
36824,68847,105671
51585,96626,148211
35146,70789,105935
54923,38989,93912
34406,20920,55326
81455,82013,163468
69739,81980,151719
50489,48240,98729
52366,44842,97208
14273,79738,94011
957,44817,45774
74136,92931,167067
88258,44801,133059
4091,18479,22570
58639,85684,144323
22789,31197,53986
85684,65247,150931
43096,27221,70317
28208,95735,123943
58658,28637,87295
13374,56154,69528
35265,90027,125292
20576,14365,34941
18281,99629,117910
44030,82916,126946
81735,16092,97827
85892,67295,153187
85495,97082,182577
48510,9767,58277
32311,69194,101505
10902,22020,32922
76624,64325,140949
41765,75943,117708
79359,2043,81402
71035,93804,164839
83476,71334,154810
12554,58539,71093
48552,56747,105299
98858,14626,113484
59432,54995,114427
68435,75383,143818
77038,33809,110847
74562,3069,77631
39637,30095,69732
44008,48234,92242
3692,4817,8509
67544,36539,104083
63399,10704,74103
59367,46410,105777
30721,69887,100608
21674,62714,84388
44141,76575,120716
5137,38304,43441
94681,83689,178370
82418,37795,120213
97668,15106,112774
41073,66153,107226
86474,23165,109639
13379,21795,35174
63238,34646,97884
12338,46538,58876
62566,63871,126437
52662,58217,110879
37312,7779,45091
60448,92441,152889
63656,84639,148295
1713,98422,100135
27553,20758,48311
41533,26906,68439
47314,37047,84361
48601,46639,95240
25629,43245,68874
10859,64966,75825
68600,72809,141409
42947,11380,54327
95518,67725,163243
44086,7415,51501
65983,323,66306
69046,6178,75224
63437,49533,112970
47196,40804,88000
75136,32760,107896
19694,7402,27096
34335,64287,98622
75261,56564,131825
26130,33490,59620
22007,61673,83680
22324,87305,109629
43766,67139,110905
42914,73133,116047
49070,92969,142039
74702,8217,82919
31976,33762,65738
93936,44492,138428
50585,46867,97452
39313,25901,65214
89933,27535,117468
48448,34148,82596
48168,73463,121631
32553,14230,46783
69900,90907,160807
25558,40184,65742
73876,75892,149768
35210,78594,113804
25859,71407,97266
54966,82607,137573
77376,90938,168314
75326,69582,144908
21639,54163,75802
65323,80636,145959
94822,398,95220
70072,65935,136007
21623,18959,40582
30784,46361,77145
85958,4134,90092
5393,66714,72107
96130,88917,185047
58074,42671,100745
67052,97506,164558
70418,16581,86999
5549,3321,8870
53666,32601,86267
66374,84877,151251
17973,54079,72052
84681,33590,118271
60105,19134,79239
52680,46231,98911
65276,13289,78565
53056,89686,142742
33045,47330,80375
14314,46975,61289
64064,64011,128075
93213,47738,140951
81948,61034,142982
53675,35728,89403
72570,89648,162218
62738,80506,143244
91162,86712,177874
61964,78843,140807
16721,6300,23021
40901,57722,98623
92313,69952,162265
33423,51788,85211
15532,97890,113422
68365,5096,73461
37857,89438,127295
94725,32157,126882
91828,91142,182970
28265,21701,49966
56535,38304,94839
3691,10863,14554
98376,43010,141386
34895,47052,81947
92127,6711,98838
58142,10358,68500
85237,98900,184137
5687,72157,77844
98946,49138,148084
28343,14684,43027
47272,24912,72184
25148,87595,112743
65013,78178,143191
76276,1433,77709
54072,23567,77639
17839,90963,108802
84378,68219,152597
85697,13739,99436
30201,35288,65489
98576,28368,126944
81115,9744,90859
78483,83289,161772
69827,68259,138086
32093,21195,53288
14505,1185,15690
4401,82981,87382
93504,69015,162519
70192,97929,168121
18884,81460,100344
95264,36425,131689
13016,3447,16463
54515,14689,69204
24206,12808,37014
19088,32664,51752
51700,42625,94325
2155,23330,25485
45085,7828,52913
19744,2149,21893
5340,69006,74346
20200,93668,113868
89420,24724,114144
98193,79172,177365
3139,59525,62664
50680,99046,149726
90890,20339,111229
85882,56748,142630
43962,37366,81328
43811,25792,69603
46989,56055,103044
53685,5784,59469
38053,86011,124064
37577,92418,129995
54629,15408,70037
60593,95345,155938
56793,23627,80420
61235,31820,93055
77415,43543,120958
19960,6978,26938
24791,36677,61468
49830,7627,57457
41462,28029,69491
82885,84292,167177
98376,17857,116233
171,1119,1290
64732,71757,136489
79213,1949,81162
52859,24535,77394
25404,83017,108421
77599,43481,121080
82587,46006,128593
83852,15667,99519
7825,98908,106733
7709,2396,10105
42648,72053,114701
3704,37573,41277
96194,72785,168979
92671,84388,177059
85596,88999,174595
98153,29339,127492
97216,73543,170759
87174,98854,186028
94499,10889,105388
7524,87016,94540
95352,73107,168459
20960,86474,107434
98725,10382,109107
62716,29224,91940
42418,44980,87398
96750,71820,168570
29305,25517,54822
70218,61724,131942
30543,7424,37967
23037,54326,77363
1119,59112,60231
52757,53851,106608
49670,31735,81405
92478,53402,145880
33679,658,34337
20141,80167,100308
33258,74267,107525
14984,63915,78899
86419,40283,126702
55830,49160,104990
51579,99447,151026
78479,71182,149661
64882,71066,135948
13149,32480,45629
92384,14327,106711
59684,58592,118276
22194,38300,60494
23185,63485,86670
83693,80519,164212
30062,13588,43650
58843,97779,156622
26352,29188,55540
99270,84872,184142
59482,46289,105771
86519,10438,96957
21570,45982,67552
56498,83339,139837
91142,23091,114233
1804,31595,33399
16572,22127,38699
35849,15511,51360
68960,81835,150795
9979,94399,104378
97686,90796,188482
33154,62207,95361
22603,89683,112286
25793,63254,89047
53274,89212,142486
1027,8805,9832
41310,69567,110877
83904,765,84669
15236,41832,57068
48497,76422,124919
24266,65694,89960
4395,18158,22553
11123,60579,71702
50118,92107,142225
57523,27647,85170
56530,5954,62484
57427,73583,131010
22494,5756,28250
8325,5082,13407
90402,77479,167881
29589,83768,113357
88584,19895,108479
25500,51932,77432
48862,82635,131497
33879,62776,96655
39177,80315,119492
74055,16190,90245
39183,58589,97772
87815,57459,145274
77173,25873,103046
22268,93746,116014
13542,27687,41229
32148,72117,104265
9916,34847,44763
20207,32938,53145
5665,74642,80307
49563,55659,105222
75276,85126,160402
40618,84993,125611
22288,22628,44916
71873,58586,130459
36383,55887,92270
24613,79118,103731
99336,50338,149674
10973,81720,92693
54097,43153,97250
29320,62268,91588
36486,89657,126143
62986,68461,131447
84863,90781,175644
69301,49792,119093
98881,60545,159426
31709,16166,47875
96720,46251,142971
42527,58881,101408
89991,16630,106621
4286,36777,41063
96367,56070,152437
71215,51874,123089
31335,75852,107187
7377,67031,74408
61109,66286,127395
505,5299,5804
83161,34567,117728
67227,67255,134482
98092,51873,149965
70526,23411,93937
88833,15293,104126
48631,32072,80703
17286,29092,46378
26680,33872,60552
88304,47715,136019
89601,54376,143977
61692,66218,127910
9344,96225,105569
16682,53178,69860
90980,68470,159450
43062,76334,119396
14295,96320,110615
305,16003,16308
25339,49134,74473
14654,57210,71864
86963,73469,160432
87926,66460,154386
91294,40365,131659
18777,80073,98850
15044,47534,62578
14229,30078,44307
64617,93222,157839
52406,33880,86286
82114,26202,108316
59601,20908,80509
96774,87153,183927
91715,23555,115270
81095,64416,145511
16977,33782,50759
14087,99442,113529
12009,11887,23896
68122,91439,159561
58416,68977,127393
47337,83834,131171
3415,77905,81320
97793,27429,125222
66014,19066,85080
89876,42214,132090
6404,57288,63692
52079,68122,120201
19547,55194,74741
55807,88714,144521
10130,71114,81244
17412,43152,60564
77889,84641,162530
20733,1554,22287
71242,32595,103837
14798,51000,65798
14832,11850,26682
11844,94242,106086
10791,40929,51720
49837,78740,128577
16621,64107,80728
35369,55254,90623
68954,90104,159058
3864,75433,79297
23470,53998,77468
23650,76462,100112
93331,40731,134062
31793,84824,116617
52247,40942,93189
22246,3216,25462
57581,75738,133319
19274,78962,98236
26449,78164,104613
13669,14312,27981
75311,34856,110167
10329,72780,83109
95220,85184,180404
81043,34210,115253
29138,14260,43398
79591,72305,151896
53256,15647,68903
49830,38650,88480
86505,46701,133206
54606,97574,152180
46964,83239,130203
94821,41419,136240
97287,98722,196009
61582,23127,84709
12114,25496,37610
41773,72832,114605
68754,23357,92111
14538,87104,101642
57751,66293,124044
21827,57106,78933
34534,45553,80087
5761,3165,8926
55491,83504,138995
11121,58714,69835
40618,50208,90826
11975,99912,111887
71483,87803,159286
74618,62673,137291
89712,68169,157881
83485,50506,133991
86901,53148,140049
64030,75412,139442
30670,57517,88187
10164,72418,82582
80729,79658,160387
6162,95462,101624
14057,81499,95556
93183,1712,94895
51937,65399,117336
74836,61635,136471
64400,26126,90526
58887,14412,73299
65928,67609,133537
89556,92652,182208
38714,73346,112060
90677,59363,150040
33284,15848,49132
69479,86565,156044
10852,32099,42951
31878,95703,127581
20202,30107,50309
56665,86899,143564
73962,69042,143004
95812,7010,102822
8383,69287,77670
21576,47044,68620
12641,92868,105509
60288,45288,105576
49320,33310,82630
13984,2744,16728
96028,29840,125868
58125,50321,108446
57097,12596,69693
94622,78584,173206
17630,39346,56976
91904,56773,148677
9273,83879,93152
73938,96711,170649
18431,58275,76706
45182,37319,82501
72007,14445,86452
51513,69715,121228
2163,92422,94585
55862,17230,73092
34999,83136,118135
88086,26438,114524
27511,96999,124510
90944,55804,146748
10464,92454,102918
9454,20126,29580
21368,20024,41392
43302,21012,64314
42976,33905,76881
32293,81524,113817
80743,84483,165226
50554,46366,96920
40280,36871,77151
38597,77226,115823
80421,68925,149346
30876,78220,109096
96649,77287,173936
85123,35127,120250
24327,44853,69180
31039,63611,94650
59445,62435,121880
86892,67558,154450
20090,83919,104009
97878,93936,191814
38309,75902,114211
72912,64233,137145
33138,65706,98844
62616,51510,114126
20027,56573,76600
58089,31437,89526
28281,47752,76033
25317,96072,121389
31640,37264,68904
97178,57989,155167
98238,95422,193660
49326,2357,51683
61147,70818,131965
52968,74808,127776
54315,24930,79245
56586,56473,113059
71758,6750,78508
27009,56273,83282
86999,66298,153297
67880,13461,81341
64181,178,64359
96842,14127,110969
77423,99516,176939
72746,57588,130334
88024,30500,118524
69542,47692,117234
14988,1111,16099
54816,90452,145268
22614,91484,114098
77509,7954,85463
22310,24960,47270
11070,4105,15175
47638,45454,93092
53186,36511,89697
49263,80089,129352
9572,34682,44254
52989,21719,74708
64723,57130,121853
70667,82242,152909
14435,30216,44651
31679,96700,128379
56579,74780,131359
26502,11986,38488
16653,18023,34676
40449,13849,54298
93590,81456,175046
58886,3760,62646
3022,76170,79192
1441,93670,95111
67202,18735,85937
64286,81312,145598
40447,79396,119843
98135,59013,157148
51345,57761,109106
66693,83039,149732
30823,64067,94890
63177,98132,161309
37703,8198,45901
59106,188,59294
24706,81908,106614
90295,40385,130680
36609,11659,48268
92756,41425,134181
26828,39555,66383
7653,79189,86842
48648,44500,93148
37238,86805,124043
76035,89690,165725
39538,32561,72099
66111,59490,125601
4304,29929,34233
12069,3714,15783
39227,5101,44328
55040,6250,61290
96795,7559,104354
89920,38586,128506
27337,30891,58228
12647,83932,96579
35698,55495,91193
46726,94479,141205
96779,87323,184102
80279,21314,101593
16468,94330,110798
88651,42142,130793
22994,445,23439
51220,45871,97091
95044,32278,127322
12463,86695,99158
81606,9680,91286
28310,32091,60401
55566,25605,81171
27445,16992,44437
40518,63387,103905
70135,30190,100325
85389,17989,103378
73550,31420,104970
71745,49573,121318
13648,3434,17082
79723,82259,161982
40911,5234,46145
86424,79493,165917
63833,83465,147298
98822,75430,174252
93628,74043,167671
39911,47297,87208
28575,61490,90065
30677,59535,90212
10308,96744,107052
44751,9086,53837
64540,96379,160919
95384,22019,117403
54444,36360,90804
98489,54704,153193
98640,17161,115801
42160,33929,76089
5094,40551,45645
12392,61914,74306
16705,95725,112430
66056,46348,112404
81787,50055,131842
54178,27336,81514
1669,77217,78886
13518,50494,64012
69001,38908,107909
38804,22049,60853
97078,52513,149591
14556,92954,107510
71475,97225,168700
98125,44225,142350
76870,6773,83643
96501,57692,154193
75946,22369,98315
67894,95794,163688
32082,52824,84906
92325,70068,162393
6981,72741,79722
62646,47945,110591
52715,56861,109576
18763,53354,72117
88109,35164,123273
97236,25082,122318
34338,97226,131564
36404,4266,40670
42093,66506,108599
11845,8877,20722
83682,74332,158014
85971,1936,87907
92163,635,92798
60890,9858,70748
91400,12511,103911
53452,7087,60539
86143,61785,147928
76083,56750,132833
75185,41737,116922
22561,89182,111743
67137,39683,106820
1085,82898,83983
38103,63977,102080
67997,83894,151891
69863,84554,154417
72950,33451,106401
24850,93808,118658
47439,29555,76994
69780,55550,125330
58998,93299,152297
50485,10238,60723
84592,58551,143143
43466,11639,55105
48627,93,48720
28018,26150,54168
75416,15511,90927
59889,60509,120398
40118,35716,75834
50526,52214,102740
1616,66629,68245
60653,80108,140761
57221,10803,68024
80293,52504,132797
19798,12677,32475
48838,24433,73271
11651,75458,87109
68364,14664,83028
35266,5007,40273
32174,35265,67439
13773,35530,49303
47286,64983,112269
40599,88276,128875
32195,84606,116801
73485,3006,76491
21162,3546,24708
47002,30062,77064
51004,13031,64035
11418,86338,97756
70725,46763,117488
47296,15615,62911
57149,37247,94396
57339,43411,100750
29037,56605,85642
15304,84380,99684
98766,67576,166342
3712,28538,32250
43289,34586,77875
24392,39903,64295
10307,67160,77467
40574,73428,114002
32322,78013,110335
29785,11826,41611
34434,13085,47519
64799,76915,141714
13282,31198,44480
22511,96852,119363
73820,54542,128362
35188,41508,76696
79236,54453,133689
45133,37935,83068
60455,38248,98703
45167,1498,46665
22801,607,23408
22661,39747,62408
80417,72361,152778
51630,32577,84207
30398,92378,122776
66729,90384,157113
14568,38290,52858
10424,7574,17998
38877,30030,68907
61866,32540,94406
99591,40345,139936
57844,63570,121414
91223,95392,186615
86692,91420,178112
97348,38766,136114
47525,87931,135456
36991,189,37180
18043,14918,32961
70164,77307,147471
2912,55921,58833
17225,83430,100655
68216,56527,124743
15826,89130,104956
87069,24836,111905
35084,77381,112465
37160,18513,55673
7859,10986,18845
40228,62719,102947
7255,77750,85005
81170,50401,131571
83148,82461,165609
85931,78681,164612
9821,17019,26840
20666,28142,48808
15464,15525,30989
66709,72560,139269
38598,52997,91595
96987,19331,116318
19742,91833,111575
20207,18480,38687
35613,55716,91329
42152,65863,108015
89793,74208,164001
7987,86693,94680
14499,21212,35711
21494,57817,79311
59295,13884,73179
18049,18259,36308
21441,66720,88161
52281,83585,135866
63633,24458,88091
75910,304,76214
1233,76492,77725
83373,73462,156835
57235,6946,64181
16427,34310,50737
60561,78462,139023
88213,95781,183994
33923,63487,97410
25517,88255,113772
30160,87622,117782
51102,15753,66855
90341,89341,179682
18399,5220,23619
99397,40496,139893
40379,90958,131337
24467,36336,60803
60543,65079,125622
72342,73501,145843
83921,34119,118040
9613,30069,39682
30489,52338,82827
64866,17248,82114
16871,93022,109893
48618,30014,78632
27317,48610,75927
24591,3527,28118
68084,12490,80574
63218,55019,118237
41650,98674,140324
42096,18249,60345
78643,40946,119589
72131,50568,122699
69708,98527,168235
62265,80175,142440
51833,90172,142005
397,88554,88951
82935,97060,179995
48100,86436,134536
76562,67377,143939
15459,45303,60762
69417,78947,148364
25708,44856,70564
8066,36436,44502
91648,69946,161594
62869,93812,156681
36609,90887,127496
83923,17929,101852
30583,93591,124174
30343,80274,110617
51455,31370,82825
36985,11693,48678
26281,19631,45912
73475,24066,97541
6188,68029,74217
15033,41619,56652
44450,10187,54637
94445,45263,139708
74201,57473,131674
66317,21960,88277
80017,77809,157826
68558,64468,133026
9708,21395,31103
69282,77812,147094
69397,60256,129653
78644,69226,147870
60429,23176,83605
93325,87422,180747
21613,8473,30086
53080,60075,113155
97617,91182,188799
30409,6376,36785
3469,33358,36827
12130,39562,51692
92594,54505,147099
43496,65870,109366
67310,52737,120047
97572,48235,145807
75614,84190,159804
61279,32508,93787
94357,79149,173506
50005,71221,121226
98508,35511,134019
5015,88372,93387
43632,92874,136506
1986,42967,44953
41278,94523,135801
93894,53498,147392
76107,9606,85713
8305,16559,24864
60461,24608,85069
55049,41143,96192
36987,73183,110170
36884,22762,59646
7545,55958,63503
43144,44145,87289
15190,94118,109308
15091,30960,46051
86356,52478,138834
55595,20061,75656
59623,41248,100871
73934,86218,160152
24575,53735,78310
55737,7307,63044
55076,76714,131790
59620,14109,73729
23538,17946,41484
15608,41117,56725
59424,46859,106283
47059,86468,133527
38404,46017,84421
68250,2778,71028
24795,62795,87590
56003,40468,96471
73870,24041,97911
43309,58460,101769
22599,90196,112795
11797,75743,87540
64271,4269,68540
36,16979,17015
24576,38719,63295
37345,14129,51474
19644,49082,68726
219,59147,59366
42576,11767,54343
20949,57234,78183
59798,26554,86352
28712,87833,116545
36563,33302,69865
24208,21688,45896
40396,2616,43012
24593,46587,71180
59442,52121,111563
99631,77515,177146
63749,23450,87199
38948,6555,45503
34158,74567,108725
32555,72048,104603
74809,52000,126809
32195,14064,46259
77091,16612,93703
38691,18545,57236
46202,91646,137848
74442,52561,127003
72860,48700,121560
57074,99509,156583
41092,38244,79336
48992,97819,146811
53237,57992,111229
68313,54526,122839
35494,21566,57060
72627,13794,86421
66716,91931,158647
57042,94964,152006
46739,4362,51101
45866,1537,47403
74755,49960,124715
41352,64916,106268
67837,30962,98799
43070,49464,92534
23935,87785,111720
48860,57631,106491
60839,44086,104925
91183,25695,116878
42763,53150,95913
49154,95826,144980
15313,40603,55916
97181,20510,117691
89405,24855,114260
95015,82690,177705
49573,39229,88802
30980,73962,104942
93427,78296,171723
33766,54910,88676
89921,36167,126088
91491,80284,171775
17380,10174,27554
62385,67073,129458
35742,68603,104345
97029,76516,173545
96716,29765,126481
48596,6059,54655
39360,50821,90181
63045,35385,98430
66813,12200,79013
98326,42318,140644
90304,54772,145076
60252,7994,68246
5524,76029,81553
71905,45986,117891
23348,90169,113517
40596,61360,101956
74643,91096,165739
82756,29900,112656
28748,69348,98096
80015,91832,171847
11056,26423,37479
82743,95875,178618
89096,27967,117063
75783,38179,113962
68863,70139,139002
27603,35699,63302
2261,55030,57291
49972,47402,97374
7168,97272,104440
65308,88482,153790
68393,52703,121096
94168,30969,125137
91080,9391,100471
42888,41725,84613
47922,94918,142840
12834,11555,24389
5015,48826,53841
34578,75625,110203
99478,22275,121753
72135,90244,162379
59723,96329,156052
72190,54288,126478
48751,53591,102342
41923,76795,118718
89272,26233,115505
97044,8106,105150
83686,12836,96522
81052,14714,95766
42081,52123,94204
25504,98571,124075
45425,21363,66788
68035,41648,109683
74102,64740,138842
70288,61204,131492
81517,71615,153132
58702,60077,118779
67983,67884,135867
87590,12050,99640
4313,27884,32197
22469,27949,50418
61818,85821,147639
641,53973,54614
10496,58503,68999
98290,86067,184357
82513,20110,102623
59231,75019,134250
91088,70207,161295
83640,43130,126770
79522,83006,162528
8428,93769,102197
45417,84156,129573
51501,51980,103481
94916,80810,175726
4787,92334,97121
43523,63031,106554
97857,30855,128712
64486,69309,133795
80994,72739,153733
49464,62302,111766
21208,38252,59460
65963,97142,163105
16455,71757,88212
3099,73278,76377
22485,85373,107858
87546,2068,89614
38810,85604,124414
17222,42066,59288
75516,97181,172697
97162,59936,157098
92448,93036,185484
45772,91768,137540
41468,10339,51807
92437,73126,165563
93491,84621,178112
60301,73397,133698
24120,41289,65409
38449,92111,130560
77941,37491,115432
956,49608,50564
94186,1508,95694
97515,96856,194371
75300,54447,129747
6769,83880,90649
10694,9734,20428
79276,99757,179033
90823,4998,95821
47395,92824,140219
84817,2943,87760
71468,22829,94297
3980,65322,69302
26657,77044,103701
53657,7035,60692
24549,99851,124400
33352,70548,103900
38245,38373,76618
9788,61550,71338
90096,47912,138008
37506,83500,121006
13347,39317,52664
23467,17519,40986
78820,65941,144761
69258,35251,104509
81219,24914,106133
95778,4712,100490
85239,94720,179959
93962,3893,97855
73056,40349,113405
77601,54418,132019
41216,11457,52673
7452,56824,64276
14691,37744,52435
82889,78551,161440
69910,62666,132576
42610,38808,81418
57401,55278,112679
76388,77977,154365
66150,10491,76641
1370,90698,92068
76801,85651,162452
60269,45113,105382
59887,45183,105070
5537,52552,58089
73591,23211,96802
77161,95051,172212
83048,9674,92722
86662,6895,93557
95328,6265,101593
26865,58731,85596
12338,69771,82109
44241,59897,104138
14496,13849,28345
42427,81181,123608
51960,68787,120747
70527,86005,156532
24678,95326,120004
3679,36599,40278
93576,62225,155801
10100,76423,86523
89368,33447,122815
65551,46534,112085
50280,74413,124693
98975,24698,123673
31504,75539,107043
95188,94917,190105
8868,28245,37113
16584,78237,94821
72476,78861,151337
10603,85345,95948
6279,2140,8419
72930,80119,153049
6018,30494,36512
20702,76207,96909
85056,90687,175743
15952,88086,104038
94338,44703,139041
8470,61744,70214
26506,92702,119208
45297,92687,137984
27920,75703,103623
63133,43745,106878
9560,53747,63307
97263,98410,195673
3232,30323,33555
1278,97680,98958
88974,4124,93098
38067,62625,100692
9737,20483,30220
93465,54179,147644
52440,53135,105575
6598,59663,66261
52182,81791,133973
42009,44,42053
23306,30011,53317
93480,60543,154023
95327,61369,156696
78546,83408,161954
67662,80453,148115
4274,45229,49503
85081,39101,124182
76963,49202,126165
51059,99922,150981
9923,84680,94603
12470,96988,109458
26966,85864,112830
31908,9830,41738
62764,14769,77533
72230,68012,140242
2446,98112,100558
3169,4984,8153
7174,40505,47679
56633,60580,117213
5286,80755,86041
24555,22739,47294
37245,74321,111566
18040,75743,93783
11328,87738,99066
68423,28398,96821
99237,68498,167735
39566,94756,134322
28289,92625,120914
49029,92511,141540
8344,45574,53918
94983,16701,111684
68654,66064,134718
16031,83641,99672
53809,52406,106215
93792,69873,163665
44611,33845,78456
56791,60698,117489
73698,46725,120423
75041,44538,119579
91380,98080,189460
21711,32975,54686
95642,81057,176699
49407,85259,134666
93873,48464,142337
79442,92638,172080
99485,59228,158713
4281,79048,83329
28928,68285,97213
23029,95475,118504
61451,80268,141719
23299,26383,49682
38637,65122,103759
4566,47094,51660
37290,40500,77790
1108,47543,48651
65874,73183,139057
88210,88929,177139
75194,42127,117321
77484,37981,115465
47210,67585,114795
71425,25493,96918
30384,72760,103144
7813,56989,64802
15696,39957,55653
58491,58534,117025
39644,86477,126121
85497,34798,120295
77749,47085,124834
13445,10499,23944
51859,73649,125508
36768,69575,106343
28392,56537,84929
2683,75460,78143
21805,50724,72529
62444,80920,143364
73655,81707,155362
6843,48929,55772
54033,47207,101240
79975,5587,85562
22153,9114,31267
12302,90717,103019
31657,43038,74695
19857,11270,31127
78952,83393,162345
72499,91636,164135
97981,69008,166989
33836,6555,40391
79257,9254,88511
19584,88685,108269
25022,27929,52951
82839,76295,159134
88149,3884,92033
35070,89023,124093
30328,24753,55081
4298,91760,96058
77451,25068,102519
87566,60287,147853
27559,46867,74426
96405,88851,185256
20,87749,87769
52069,53296,105365
73871,61937,135808
39282,1446,40728
20355,87193,107548
76244,86882,163126
68334,76835,145169
19324,7032,26356
87939,25667,113606
24001,66287,90288
1166,67142,68308
45355,95528,140883
4383,4178,8561
33630,24277,57907
58777,53508,112285
30663,38399,69062
7830,73327,81157
76043,76432,152475
22041,52926,74967
26810,36783,63593
59413,59959,119372
76437,64129,140566
7900,7436,15336
6411,78963,85374
30637,40541,71178
97267,51699,148966
53922,31908,85830
70665,23492,94157
6609,83539,90148
17894,7961,25855
80051,80970,161021
61040,52593,113633
90328,17764,108092
90521,61088,151609
32672,51581,84253
24581,29648,54229
49369,89855,139224
6480,88233,94713
88439,97218,185657
7896,85439,93335
8096,43367,51463
90303,59512,149815
63101,78991,142092
26740,12428,39168
94769,6335,101104
4718,83661,88379
61620,4593,66213
98282,75536,173818
4107,61977,66084
96221,33701,129922
65953,26787,92740
55119,24272,79391
50620,73785,124405
84591,5698,90289
24778,38134,62912
1109,46483,47592
26170,59783,85953
93892,26454,120346
18476,63500,81976
29914,65775,95689
44267,58542,102809
95610,70891,166501
92251,20,92271
71616,19370,90986
94424,55644,150068
54581,53530,108111
9342,77787,87129
94399,15400,109799
58121,24116,82237
64456,78971,143427
49802,3120,52922
6765,10094,16859
33294,53135,86429
81478,6431,87909
22433,5807,28240
58334,87457,145791
99973,66491,166464
58965,72358,131323
13531,2993,16524
93779,99017,192796
21759,50286,72045
50358,53463,103821
90664,41072,131736
81623,85187,166810
94091,26389,120480
56630,81131,137761
36959,22617,59576
7666,94934,102600
85821,97606,183427
19369,38257,57626
38629,35367,73996
95277,25823,121100
15794,83286,99080
8817,19514,28331
16155,12021,28176
33960,33002,66962
33825,88646,122471
42010,97217,139227
25692,4856,30548
38014,56289,94303
44772,91219,135991
20629,22305,42934
45982,356,46338
61999,95902,157901
2055,31670,33725
9301,38136,47437
21358,48380,69738
14720,40878,55598
21848,58466,80314
18455,9068,27523
34585,36585,71170
21141,53981,75122
95209,65028,160237
36138,66930,103068
3373,44042,47415
51838,96089,147927
71184,86878,158062
8921,45808,54729
65482,82038,147520
87755,88999,176754
79276,46446,125722
80471,54078,134549
48370,25196,73566
29899,77249,107148
75695,10998,86693
91145,90078,181223
82031,55800,137831
13649,3216,16865
25794,61324,87118
56945,9480,66425
95598,18964,114562
61648,2384,64032
86875,30985,117860
38497,60398,98895
19175,10491,29666
49504,10406,59910
28813,87553,116366
43504,47474,90978
89689,57745,147434
14454,75727,90181
237,25980,26217
9997,64866,74863
68818,7524,76342
35639,51972,87611
88661,29529,118190
65139,8480,73619
97821,34875,132696
42457,8290,50747
21130,27983,49113
89031,27145,116176
79553,68713,148266
83691,5437,89128
63646,85026,148672
93902,44387,138289
21156,24217,45373
71889,53802,125691
33381,24794,58175
56203,81930,138133
20298,34170,54468
18439,3184,21623
12760,18504,31264
22555,93302,115857
56600,9507,66107
85303,13936,99239
30107,86434,116541
22942,46482,69424
6349,87578,93927
13353,78306,91659
12584,92213,104797
88049,31281,119330
33852,67079,100931
21832,27275,49107
36660,90685,127345
50641,6719,57360
67473,50121,117594
80163,86070,166233
19104,96798,115902
29821,36651,66472
60856,95332,156188
43475,90557,134032
5649,34963,40612
89772,46885,136657
64970,23424,88394
53841,66090,119931
34025,11020,45045
8979,53050,62029
78171,43801,121972
83095,44082,127177
53385,11733,65118
43264,820,44084
69244,99959,169203
79220,85347,164567
5222,75819,81041
85915,77084,162999
79811,73496,153307
92217,1077,93294
60201,97479,157680
1268,22307,23575
38314,23098,61412
29049,7294,36343
66749,19233,85982
97132,8610,105742
76782,22552,99334
14305,65583,79888
3931,59554,63485
45021,42597,87618
99838,67322,167160
55283,75654,130937
1284,47764,49048
6489,90119,96608
84513,29024,113537
26494,90290,116784
93898,86281,180179
70134,30185,100319
37258,80896,118154
67373,67165,134538
16950,22084,39034
60927,56078,117005
74200,36518,110718
44598,4096,48694
69533,94665,164198
25315,32904,58219
68581,54618,123199
91068,66297,157365
3940,95230,99170
62579,75522,138101
10934,7399,18333
21995,13270,35265
32820,54356,87176
68478,27010,95488
37335,134,37469
84923,82437,167360
76442,85638,162080
25065,28490,53555
92800,90740,183540
47476,78920,126396
5677,68496,74173
11604,97658,109262
89188,11217,100405
23728,56359,80087
16663,89718,106381
5171,97969,103140
47104,15156,62260
18059,78855,96914
67149,5927,73076
26588,44976,71564
63771,76119,139890
16186,72615,88801
69380,85569,154949
13523,62005,75528
28305,31385,59690
22035,31115,53150
54286,4458,58744
27136,97143,124279
99949,15056,115005
43964,90498,134462
29800,99808,129608
81634,41535,123169
34065,5788,39853
66450,18220,84670
52473,90842,143315
27569,43037,70606
68583,60304,128887
97731,130,97861
60583,93512,154095
28320,52105,80425
46970,50392,97362
24331,81509,105840
83497,77015,160512
68014,50484,118498
84577,50928,135505
17013,71265,88278
83156,99399,182555
59303,16018,75321
527,83032,83559
27080,22959,50039
88197,45128,133325
1863,68369,70232
92131,49,92180
4407,66853,71260
33003,70945,103948
85188,13771,98959
25102,2095,27197
71925,64569,136494
97871,93046,190917
39560,69646,109206
63634,1534,65168
60276,41635,101911
39324,25612,64936
26807,51332,78139
96397,49760,146157
13735,9380,23115
3737,84921,88658
74375,24766,99141
7649,73298,80947
15119,9534,24653
62363,52685,115048
6291,59591,65882
1059,11883,12942
76588,58585,135173
51324,99179,150503
64675,32228,96903
89416,85236,174652
18190,75195,93385
81364,92479,173843
15601,29630,45231
32430,31411,63841
81541,82318,163859
82470,26423,108893
62295,63281,125576
15571,75180,90751
16288,40510,56798
87546,93842,181388
68877,25229,94106
43283,13069,56352
96878,95555,192433
25823,98034,123857
41295,19019,60314
92495,68312,160807
97575,54843,152418
18107,46913,65020
8180,68209,76389
43231,16768,59999
47311,47643,94954
57683,15465,73148
23249,13878,37127
41366,20701,62067
85471,41187,126658
30601,74147,104748
52286,81107,133393
11295,58092,69387
69254,54415,123669
91111,79575,170686
58737,14924,73661
21300,98287,119587
73073,99427,172500
6927,83506,90433
17134,5232,22366
87485,24610,112095
29572,93915,123487
34961,26416,61377
79572,96265,175837
11194,17410,28604
81024,69447,150471
19250,75541,94791
61028,53130,114158
22540,65044,87584
37238,67927,105165
70244,13359,83603
87154,37068,124222
31894,52645,84539
1459,64908,66367
89345,28390,117735
89670,29849,119519
39166,83586,122752
91724,95919,187643
48149,25899,74048
71559,18801,90360
20416,61899,82315
97476,19034,116510
44223,77055,121278
27827,22693,50520
12746,15239,27985
1126,91054,92180
57445,59720,117165
61866,26396,88262
68138,55833,123971
47726,56570,104296
7231,82986,90217
36857,26631,63488
98353,59652,158005
88872,34484,123356
17874,59859,77733
93074,59484,152558
54327,32400,86727
9634,64589,74223
17663,86857,104520
9711,65903,75614
12320,95568,107888
74840,31179,106019
53698,92900,146598
88871,40068,128939
7013,10142,17155
829,47617,48446
41358,7844,49202
2869,25150,28019
98018,77191,175209
35239,4010,39249
82139,18901,101040
69639,83931,153570
85565,24399,109964
15767,77085,92852
6657,18284,24941
16455,99170,115625
68887,72242,141129
93552,82689,176241
66904,20602,87506
48361,43859,92220
2319,25993,28312
57757,10576,68333
12679,43203,55882
47788,94471,142259
39842,75968,115810
50219,93613,143832
28891,88583,117474
87746,788,88534
67,36043,36110
84252,54876,139128
67100,13348,80448
99011,79170,178181
25619,75888,101507
38591,89360,127951
80351,64025,144376
96314,55561,151875
34080,72639,106719
23952,61041,84993
32147,27674,59821
24242,70786,95028
80431,25610,106041
61613,35656,97269
79443,53564,133007
16923,86655,103578
97460,66117,163577
76835,74963,151798
19493,49957,69450
14453,56803,71256
64489,37261,101750
44432,28569,73001
26628,22547,49175
41508,84053,125561
26311,75720,102031
69430,33093,102523
99154,16014,115168
64830,7487,72317
39031,62807,101838
26728,56483,83211
11870,75061,86931
73971,87164,161135
36358,90995,127353
36594,94559,131153
18991,98161,117152
18138,7893,26031
84171,92496,176667
24497,14062,38559
52886,47912,100798
8201,8104,16305
15907,55417,71324
84568,21688,106256
71818,54874,126692
86588,13407,99995
29385,79941,109326
70269,79026,149295
6070,92851,98921
68854,5401,74255
38252,66764,105016
40530,77517,118047
56705,46406,103111
76846,74228,151074
77050,16532,93582
9727,98399,108126
7444,56388,63832
50016,5553,55569
67667,77500,145167
59999,57756,117755
37288,46490,83778
45864,78661,124525
69629,45837,115466
165,89453,89618
15783,59697,75480
19410,46786,66196
50720,23825,74545
57437,9842,67279
38697,1917,40614
28373,24612,52985
73126,82065,155191
63282,43079,106361
15973,96603,112576
60521,15029,75550
22968,7595,30563
50844,42030,92874
16972,86800,103772
16952,39039,55991
44170,38244,82414
4406,39510,43916
36673,32398,69071
39466,91649,131115
54360,66605,120965
53876,53160,107036
73044,60914,133958
49355,80132,129487
67842,58369,126211
51709,95557,147266
16148,35286,51434
67325,73575,140900
34300,964,35264
54155,99767,153922
75763,67569,143332
53517,84654,138171
36020,93526,129546
20516,27072,47588
18560,77782,96342
90196,48900,139096
96958,66940,163898
31090,51627,82717
6925,14744,21669
15188,82268,97456
94400,40889,135289
46217,1048,47265
30479,69986,100465
54471,29801,84272
33074,87109,120183
35513,50004,85517
35296,64411,99707
44458,34469,78927
34819,25004,59823
97689,86459,184148
52749,33988,86737
91623,44178,135801
39599,57682,97281
59758,4393,64151
44759,56512,101271
26750,66039,92789
27389,43936,71325
42167,93741,135908
8743,44264,53007
5129,38985,44114
74864,27506,102370
17766,83680,101446
35305,27920,63225
6632,85824,92456
72113,34520,106633
22531,83143,105674
71976,11294,83270
65888,72653,138541
84949,96691,181640
35156,98617,133773
14687,27957,42644
44987,75890,120877
15912,39638,55550
7789,60808,68597
44506,68300,112806
14469,23688,38157
33766,79283,113049
94314,84815,179129
64400,96228,160628
42437,99241,141678
14204,28375,42579
58534,15235,73769
26688,98336,125024
69558,68926,138484
83000,17395,100395
92879,86857,179736
52711,93180,145891
85726,39817,125543
92999,4622,97621
35164,5876,41040
33124,55797,88921
9855,53814,63669
69574,85859,155433
89095,52226,141321
77980,98966,176946
24551,62996,87547
82963,18022,100985
40498,17823,58321
89398,93299,182697
31002,52182,83184
66875,57567,124442
36161,54227,90388
42682,66692,109374
2164,41425,43589
59801,62942,122743
72456,46957,119413
30603,13582,44185
15029,98342,113371
55111,94289,149400
47017,19783,66800
79127,22728,101855
47006,4023,51029
46343,31125,77468
6402,48682,55084
64218,82359,146577
32579,98249,130828
3700,98617,102317
68295,67209,135504
32163,59010,91173
83297,92181,175478
27573,13649,41222
66763,79633,146396
3897,22922,26819
10153,71765,81918
31960,29711,61671
43499,12160,55659
53973,13122,67095
19734,58582,78316
37327,95771,133098
59163,86578,145741
89176,73792,162968
87257,32152,119409
58485,8703,67188
28451,86690,115141
32270,81895,114165
30242,42980,73222
15865,52799,68664
4686,46581,51267
88972,54323,143295
22008,17004,39012
14032,515,14547
29441,11003,40444
54513,5025,59538
87602,45818,133420
40521,32965,73486
55509,89562,145071
90726,57373,148099
99943,48415,148358
96308,53335,149643
11523,62697,74220
55912,66130,122042
68123,73338,141461
81898,54174,136072
24826,42093,66919
86902,24677,111579
85174,67395,152569
98668,66058,164726
83056,35446,118502
1255,69820,71075
59309,67552,126861
48485,76425,124910
84150,775,84925
14603,42065,56668
82111,47616,129727
64374,48751,113125
30091,31322,61413
33135,99133,132268
61478,8453,69931
84016,81122,165138
60406,96551,156957
67755,18378,86133
84487,7222,91709
76782,84592,161374
34747,79033,113780
9324,27217,36541
72315,36727,109042
38719,28757,67476
25234,99738,124972
4022,87347,91369
32729,14608,47337
10922,59937,70859
74591,86483,161074
69489,79888,149377
64533,25982,90515
71140,84998,156138
39759,48398,88157
24165,67439,91604
71195,31071,102266
77959,68154,146113
64843,56061,120904
22277,54082,76359
73225,50396,123621
98611,22466,121077
80373,60974,141347
98912,94587,193499
20539,66674,87213
68581,64718,133299
53870,91743,145613
1586,72686,74272
82703,14500,97203
6133,8981,15114
77675,96759,174434
12974,21194,34168
59480,72383,131863
33710,80516,114226
56939,49037,105976
36528,63404,99932
27446,62895,90341
69583,14980,84563
1912,23667,25579
30029,14256,44285
25585,95921,121506
16460,93849,110309
91195,55002,146197
60471,65244,125715
39983,25519,65502
36484,41625,78109
44879,164,45043
30845,67196,98041
68846,98353,167199
42487,15500,57987
72387,3471,75858
33364,28274,61638
60575,86773,147348
6937,1041,7978
17039,92340,109379
30019,83432,113451
51367,81610,132977
99765,81338,181103
87992,487,88479
5034,94641,99675
28551,72631,101182
82698,90046,172744
33311,75406,108717
12319,38059,50378
87479,38241,125720
16532,40008,56540
7697,73085,80782
15558,159,15717
58517,37978,96495
77529,43089,120618
7985,13507,21492
9384,52097,61481
28669,92323,120992
89672,25690,115362
42175,6729,48904
66191,53503,119694
68400,73646,142046
19434,83001,102435
3886,15089,18975
48356,31102,79458
7883,80165,88048
66154,7711,73865
1317,27538,28855
22956,25939,48895
21774,63252,85026
52057,57485,109542
72376,67209,139585
64793,80971,145764
91894,73917,165811
68635,67841,136476
48359,54662,103021
55727,8808,64535
18344,47073,65417
67939,17954,85893
19228,57146,76374
79030,84880,163910
66005,85423,151428
46837,40746,87583
54779,1298,56077
74415,95666,170081
54487,23658,78145
26086,61030,87116
76493,54488,130981
92303,59642,151945
63143,30808,93951
93603,83528,177131
12961,98113,111074
88305,83597,171902
16451,62515,78966
53120,98360,151480
28986,82226,111212
14575,99666,114241
58026,44861,102887
14419,17242,31661
93482,54379,147861
32984,95918,128902
33572,51380,84952
33782,96008,129790
234,22488,22722
26149,48214,74363
66684,27842,94526
94245,82451,176696
37303,35000,72303
48932,40565,89497
19915,26625,46540
77227,30657,107884
84887,2394,87281
61462,15762,77224
71066,82034,153100
50180,25201,75381
80219,70616,150835
99967,61671,161638
45790,23114,68904
35218,68090,103308
49697,14979,64676
72484,2128,74612
83047,6526,89573
5483,87376,92859
53399,39044,92443
12616,8812,21428
30276,30342,60618
85030,81286,166316
64482,43033,107515
36803,23194,59997
13110,53390,66500
39559,12441,52000
64441,18266,82707
92153,11070,103223
75659,77267,152926
22755,48379,71134
68078,90398,158476
16307,31379,47686
66993,99166,166159
80511,33485,113996
19530,12774,32304
70926,59743,130669
45209,43522,88731
82806,65891,148697
7226,11209,18435
63599,70278,133877
58508,70937,129445
83773,85886,169659
47208,70621,117829
88428,97949,186377
87688,59154,146842
18585,93462,112047
76676,85769,162445
5627,41223,46850
13535,80027,93562
80333,24387,104720
18927,95101,114028
67353,89906,157259
62641,60371,123012
10637,94871,105508
96486,77946,174432
22866,94758,117624
62249,98847,161096
58701,62921,121622
32291,7483,39774
93549,12990,106539
17902,6944,24846
79381,54297,133678
33667,41472,75139
33242,95578,128820
97392,40319,137711
71251,84032,155283
39907,47106,87013
3593,27462,31055
53551,1429,54980
54202,65773,119975
68475,53955,122430
80242,52752,132994
78357,69703,148060
19475,46970,66445
97391,60864,158255
89377,36436,125813
64728,80980,145708
44716,53796,98512
18980,49327,68307
36144,38634,74778
62903,10301,73204
33218,30915,64133
21554,20967,42521
39885,24673,64558
28626,45588,74214
76780,8589,85369
94970,95684,190654
51129,42318,93447
21117,77150,98267
75209,90005,165214
79847,4041,83888
46020,31431,77451
9628,84759,94387
85000,20758,105758
90634,77513,168147
43714,72143,115857
56440,83441,139881
87653,29907,117560
96266,92610,188876
74326,37372,111698
92955,60887,153842
58785,36936,95721
98621,15988,114609
22935,34548,57483
70351,11334,81685
71566,40590,112156
16331,82635,98966
79853,25698,105551
44032,38760,82792
98429,88926,187355
68540,5483,74023
98790,45239,144029
84102,60649,144751
11066,31455,42521
83738,48168,131906
62260,33164,95424
70267,10721,80988
96697,86722,183419
84373,77891,162264
76100,93481,169581
20566,49379,69945
80998,94414,175412
18998,27222,46220
8392,6607,14999
71424,77924,149348
35792,27453,63245
16651,68191,84842
46365,31496,77861
80480,45541,126021
65281,73874,139155
2916,47743,50659
37129,39516,76645
4802,31320,36122
37568,3914,41482
16467,69602,86069
52851,46760,99611
16993,62703,79696
96914,66607,163521
8091,63417,71508
37915,73918,111833
7874,52615,60489
21781,90507,112288
73996,52233,126229
59224,56910,116134
16645,18694,35339
18452,49903,68355
44376,19082,63458
14441,2300,16741
97874,38688,136562
26164,64400,90564
23035,87601,110636
28414,40868,69282
74048,83604,157652
96975,2309,99284
13606,3657,17263
69025,37471,106496
20308,15696,36004
86468,14835,101303
3588,79406,82994
12515,80184,92699
94097,70122,164219
5704,67271,72975
22301,81338,103639
86036,50640,136676
43405,10228,53633
67347,64310,131657
78442,65630,144072
82978,85185,168163
34503,72958,107461
35046,98080,133126
45532,46181,91713
68910,10201,79111
2933,45418,48351
56643,40092,96735
89930,60494,150424
45570,20864,66434
45237,30364,75601
74154,77957,152111
78960,92730,171690
3989,90096,94085
72614,32736,105350
12457,73320,85777
38266,94836,133102
84123,83269,167392
24247,66094,90341
75455,46262,121717
27583,38806,66389
72754,61080,133834
76780,10041,86821
34936,37355,72291
80510,62344,142854
39513,70449,109962
78610,37511,116121
25142,38185,63327
87663,99816,187479
68485,74563,143048
43512,16661,60173
46148,31231,77379
25794,36691,62485
2429,66960,69389
73057,27902,100959
77118,43104,120222
59168,80841,140009
34150,8530,42680
63762,90185,153947
63187,77113,140300
92712,55432,148144
55985,84967,140952
48442,95921,144363
58206,81796,140002
4806,6583,11389
22947,91158,114105
11368,88664,100032
57012,31666,88678
79322,55405,134727
52907,73232,126139
57356,91895,149251
85901,20005,105906
93178,46440,139618
62253,1091,63344
71957,60953,132910
82827,4095,86922
6818,61759,68577
92150,55506,147656
9359,60680,70039
91238,88544,179782
45631,95609,141240
55220,45169,100389
20294,43901,64195
72469,49947,122416
7202,99999,107201
74823,76741,151564
14134,1152,15286
80021,3397,83418
58875,14948,73823
13973,9559,23532
72224,41045,113269
11427,72471,83898
20133,73049,93182
10754,99672,110426
99558,31138,130696
4910,7980,12890
86605,63864,150469
57765,83724,141489
76280,40525,116805
21847,42416,64263
2535,5474,8009
32775,21366,54141
13275,9658,22933
78721,28934,107655
81491,44200,125691
49663,49675,99338
96169,93789,189958
39063,55725,94788
94257,36761,131018
84051,90902,174953
79439,89474,168913
76860,32790,109650
10536,2281,12817
50265,79428,129693
52189,13595,65784
93322,93220,186542
87428,31277,118705
23300,38625,61925
50028,686,50714
16699,51697,68396
44345,18994,63339
7485,3312,10797
27866,81173,109039
26415,23284,49699
28937,42318,71255
70425,36245,106670
89880,65319,155199
32425,7467,39892
70455,27345,97800
25178,88952,114130
60259,96338,156597
37218,49279,86497
5475,62317,67792
94526,36559,131085
98902,28209,127111
15666,30415,46081
82364,23852,106216
31486,57591,89077
48034,17525,65559
34446,50625,85071
7716,94420,102136
27886,45335,73221
12729,44727,57456
58589,67552,126141
46207,37018,83225
3329,14688,18017
70743,62108,132851
63150,15908,79058
59761,3745,63506
17732,67403,85135
30137,54375,84512
71183,92346,163529
69690,56858,126548
9971,71939,81910
63805,40484,104289
82542,14338,96880
1462,34490,35952
18491,46406,64897
98537,3634,102171
42613,20138,62751
90262,74967,165229
11337,81186,92523
74981,21825,96806
77436,5110,82546
9955,14607,24562
2277,89798,92075
9733,45635,55368
1407,64312,65719
40421,66903,107324
78969,90902,169871
12215,35355,47570
53391,30016,83407
43505,69278,112783
40037,50228,90265
53702,56032,109734
13712,79779,93491
36256,37927,74183
49601,78490,128091
55408,33275,88683
67313,69424,136737
33414,40321,73735
62606,39873,102479
13091,58356,71447
40344,78462,118806
25405,16700,42105
3574,19997,23571
58999,49737,108736
89808,13231,103039
94714,76529,171243
56499,32980,89479
5643,35680,41323
57358,65221,122579
10876,1895,12771
34506,4489,38995
18131,5649,23780
82116,24499,106615
50718,28880,79598
41785,13567,55352
88833,45379,134212
91784,93007,184791
10378,81518,91896
64939,31881,96820
58175,58191,116366
49758,65504,115262
75562,79894,155456
11513,65551,77064
14568,11225,25793
28063,21406,49469
16940,30947,47887
90172,35787,125959
90252,37092,127344
74138,32351,106489
47925,87158,135083
92962,12243,105205
54504,6077,60581
76356,39576,115932
49996,47009,97005
93914,44617,138531
40715,64852,105567
26715,16014,42729
47189,31961,79150
54276,46520,100796
14899,52263,67162
95693,20054,115747
25234,31579,56813
53088,24206,77294
83907,42359,126266
17163,92273,109436
60856,14290,75146
3369,75773,79142
61155,67079,128234
7076,3049,10125
64582,19255,83837
42118,90420,132538
9875,26846,36721
28374,71853,100227
90598,50019,140617
30775,12960,43735
72885,15065,87950
6958,13812,20770
68867,52725,121592
24854,52198,77052
7235,52839,60074
90041,74138,164179
82936,84205,167141
86757,87106,173863
54620,91294,145914
19380,98359,117739
10528,51719,62247
34117,18145,52262
98753,56253,155006
39091,84968,124059
56243,88891,145134
14704,95283,109987
76208,44724,120932
49548,16494,66042
438,43464,43902
1045,89586,90631
86072,73999,160071
61325,74316,135641
71898,79381,151279
83082,46907,129989
45272,40589,85861
53782,96204,149986
58264,99243,157507
26238,50414,76652
2807,58793,61600
71267,83100,154367
50503,26618,77121
92862,23949,116811
56374,46507,102881
27451,12570,40021
3385,91881,95266
17426,41135,58561
43823,45005,88828
26850,76251,103101
81083,45787,126870
34546,26609,61155
51239,87146,138385
98227,39572,137799
62151,89587,151738
28797,6865,35662
32200,64588,96788
28540,6107,34647
66037,7049,73086
57532,29640,87172
30743,50698,81441
24118,32139,56257
81757,6921,88678
98661,19697,118358
90975,51986,142961
87716,22336,110052
23144,65972,89116
35173,81180,116353
93220,90423,183643
35824,17881,53705
30721,38964,69685
83126,73076,156202
73811,64668,138479
15761,24822,40583
77422,36192,113614
66953,84649,151602
99333,43273,142606
30625,68911,99536
80107,83839,163946
69008,67753,136761
88256,66882,155138
11466,56833,68299
20807,9987,30794
86475,97872,184347
41166,82988,124154
22833,52247,75080
54066,7341,61407
66544,72224,138768
75293,33476,108769
35355,18622,53977
27466,68323,95789
18368,40499,58867
93347,26808,120155
99776,85400,185176
13212,6135,19347
60685,91837,152522
61565,60317,121882
23656,76773,100429
34959,9825,44784
56518,89651,146169
16950,22626,39576
48102,79469,127571
59664,56674,116338
8603,89723,98326
54190,36048,90238
24661,3728,28389
62132,43525,105657
81018,56172,137190
59643,89784,149427
17366,95645,113011
64359,50941,115300
74275,74079,148354
11027,60521,71548
2033,69227,71260
71382,70963,142345
23134,2315,25449
28607,23374,51981
42510,36919,79429
73966,5070,79036
74061,44604,118665
11917,39125,51042
92052,93070,185122
63745,82014,145759
39595,71468,111063
77902,86177,164079
30745,10708,41453
99822,50214,150036
98913,83933,182846
79102,72194,151296
74769,30011,104780
75580,2213,77793
1811,93205,95016
20156,89526,109682
138,5361,5499
7907,87317,95224
73495,14031,87526
61310,70225,131535
30829,96061,126890
58091,80998,139089
50927,6100,57027
33842,26782,60624
98305,74063,172368
788,28070,28858
89318,59142,148460
18323,58671,76994
35853,72881,108734
43444,82462,125906
18566,6942,25508
1503,43705,45208
57016,68502,125518
33412,28683,62095
60869,36953,97822
18584,97470,116054
27711,63220,90931
61535,32974,94509
22120,12907,35027
90089,61701,151790
79530,86143,165673
95968,26028,121996
98101,18852,116953
43466,74115,117581
74923,58045,132968
62924,27304,90228
43557,60069,103626
25204,5175,30379
99797,44235,144032
32718,63316,96034
31328,11112,42440
60165,19977,80142
93327,45345,138672
11486,9281,20767
92045,4181,96226
91205,75885,167090
20044,54174,74218
42561,81019,123580
70083,94630,164713
25731,72643,98374
88090,72670,160760
55113,67325,122438
94878,32082,126960
73128,40723,113851
38738,32536,71274
50115,91353,141468
24493,40027,64520
34543,27139,61682
58330,11393,69723
78485,66371,144856
34802,64556,99358
93757,55312,149069
30451,1023,31474
69776,15837,85613
5416,40220,45636
47499,86797,134296
27317,94023,121340
78120,18506,96626
43622,18569,62191
44617,99081,143698
27640,10634,38274
91041,16960,108001
72153,31476,103629
16256,75170,91426
22024,24090,46114
74878,71864,146742
14535,61169,75704
94663,48777,143440
80954,94797,175751
13472,183,13655
39372,7964,47336
5411,11839,17250
12318,36795,49113
65374,8157,73531
21904,54217,76121
88299,94989,183288
71749,2818,74567
50051,91845,141896
10712,39498,50210
87404,41760,129164
84156,16650,100806
44701,49525,94226
70426,1562,71988
46564,86258,132822
14490,429,14919
60185,39041,99226
2167,92786,94953
22542,72172,94714
50883,21494,72377
77599,19058,96657
23928,30842,54770
80632,98210,178842
61219,23782,85001
48834,93126,141960
53263,98113,151376
50692,91728,142420
22419,33312,55731
7967,10249,18216
96658,38132,134790
85160,95481,180641
99110,38177,137287
23819,37562,61381
3378,58503,61881
50969,83580,134549
53183,81184,134367
90469,16095,106564
50635,45425,96060
83667,66496,150163
95146,37763,132909
94623,24408,119031
20423,49067,69490
96477,77728,174205
24799,2896,27695
29152,52223,81375
15422,19117,34539
69115,46879,115994
51288,18667,69955
89541,44621,134162
97863,88450,186313
50283,67864,118147
74159,67436,141595
9519,84155,93674
24979,80993,105972
33385,61006,94391
98017,97427,195444
88145,60631,148776
89286,27352,116638
44362,88153,132515
88364,3179,91543
14321,68082,82403
49533,4160,53693
1711,11537,13248
25057,90020,115077
80082,11191,91273
79217,57091,136308
42483,20336,62819
92259,55315,147574
38088,66019,104107
44001,14262,58263
38346,7679,46025
34116,3905,38021
29590,93439,123029
49223,83400,132623
7371,85573,92944
40154,67962,108116
10363,18314,28677
41339,72737,114076
35228,64850,100078
24850,19210,44060
14108,84217,98325
63255,82784,146039
86003,82133,168136
6767,99873,106640
85606,34127,119733
12221,50783,63004
76867,47101,123968
50874,36680,87554
40764,3691,44455
68269,4296,72565
47777,14215,61992
5498,96172,101670
97462,15795,113257
16431,26326,42757
59456,90275,149731
37409,77080,114489
29750,70874,100624
48385,34553,82938
66887,60821,127708
40793,5924,46717
96095,27355,123450
92080,93297,185377
47610,9568,57178
59012,62460,121472
15193,40175,55368
43440,64038,107478
21048,18517,39565
1738,23663,25401
68837,75765,144602
29640,33286,62926
58394,96407,154801
28515,94327,122842
70993,27392,98385
25661,44085,69746
76918,24121,101039
80439,99486,179925
94817,51975,146792
38612,19507,58119
41596,82644,124240
35245,10476,45721
70634,99484,170118
86474,95403,181877
74973,77683,152656
57761,19623,77384
56562,9288,65850
76642,85629,162271
84118,31185,115303
8081,50478,58559
32361,38346,70707
21697,27957,49654
21453,42139,63592
72638,69303,141941
37195,72481,109676
47852,40664,88516
98307,62842,161149
7633,2783,10416
68071,44924,112995
61990,16518,78508
53074,28040,81114
11925,71157,83082
95022,84886,179908
89673,3584,93257
42538,93397,135935
7743,92410,100153
64668,85440,150108
24222,36100,60322
98467,78248,176715
30181,94629,124810
43052,80569,123621
4162,59584,63746
85306,29854,115160
94629,41413,136042
97372,73690,171062
38744,88096,126840
8875,64861,73736
68809,4141,72950
99456,52930,152386
77969,3869,81838
44743,33530,78273
73985,30376,104361
19991,24032,44023
2975,8646,11621
57116,99563,156679
54957,97652,152609
62612,62266,124878
8035,63484,71519
4181,90420,94601
25969,34151,60120
7446,1627,9073
94334,50432,144766
2014,10991,13005
18400,47272,65672
86504,38950,125454
44500,90760,135260
73136,39114,112250
74265,19631,93896
77898,99123,177021
8332,759,9091
19935,42061,61996
64,500,564
82761,89012,171773
29623,20172,49795
47283,80182,127465
59139,90957,150096
46611,16256,62867
71880,21045,92925
6928,97711,104639
93989,89944,183933
19282,2377,21659
10237,56519,66756
73589,83840,157429
4626,16390,21016
29362,23003,52365
83312,48340,131652
92253,27083,119336
52020,71308,123328
19720,76469,96189
83841,50878,134719
69782,90476,160258
44306,95377,139683
80940,10172,91112
62805,45180,107985
99581,24775,124356
61465,83261,144726
20314,95811,116125
28648,19114,47762
61342,91479,152821
38796,9288,48084
90572,96224,186796
86353,74708,161061
29957,56578,86535
28917,86196,115113
27145,76509,103654
80066,95420,175486
1768,70813,72581
60425,11255,71680
70642,11955,82597
37292,33483,70775
52962,69179,122141
87125,23241,110366
33328,49397,82725
57859,25412,83271
97881,65522,163403
94057,73448,167505
25257,94471,119728
87084,93935,181019
76523,20843,97366
17277,34232,51509
34265,73890,108155
44286,51313,95599
99877,29586,129463
92017,49747,141764
21061,90826,111887
53378,74640,128018
4910,34743,39653
83600,70028,153628
19058,67831,86889
79763,57279,137042
5153,33353,38506
92335,16347,108682
61741,98796,160537
1239,75816,77055
13420,31720,45140
54128,13366,67494
86574,81210,167784
45757,93188,138945
8896,70933,79829
78902,4565,83467
36576,84314,120890
73841,83108,156949
3802,14526,18328
84684,25089,109773
12707,44721,57428
44909,54671,99580
49889,36631,86520
62524,26164,88688
87740,44121,131861
81530,39421,120951
88962,36319,125281
68822,42979,111801
80236,84899,165135
20243,36894,57137
84827,15469,100296
76136,67751,143887
16711,39852,56563
77979,74164,152143
35843,6504,42347
76397,81748,158145
12305,56954,69259
38428,3631,42059
72430,92476,164906
94953,31730,126683
10981,79436,90417
57664,34966,92630
12530,10865,23395
82117,55690,137807
28622,80142,108764
90071,82393,172464
53392,65891,119283
9390,52048,61438
60957,89169,150126
76101,52273,128374
20325,18871,39196
19031,79624,98655
61901,8779,70680
13320,24378,37698
88157,20398,108555
48358,40384,88742
97109,3234,100343
20646,77225,97871
1863,20950,22813
77734,72109,149843
71363,19114,90477
52907,77126,130033
62964,19567,82531
77788,64906,142694
29065,83915,112980
10161,86851,97012
37213,45787,83000
21987,60190,82177
47095,77521,124616
76352,85455,161807
27530,99852,127382
6423,54042,60465
5141,51232,56373
13160,45116,58276
14776,68062,82838
37321,6778,44099
83739,27026,110765
57725,2074,59799
34918,46622,81540
94176,17985,112161
50134,12207,62341
55111,67645,122756
55705,86874,142579
44977,84652,129629
59451,84643,144094
6512,21133,27645
27642,79689,107331
21531,32763,54294
32486,86989,119475
4626,55714,60340
61827,62345,124172
91320,97677,188997
10980,60744,71724
12694,31666,44360
87687,12963,100650
94084,91624,185708
52193,91911,144104
54437,43562,97999
34125,48522,82647
17566,32911,50477
64484,2604,67088
84209,88542,172751
64539,29354,93893
39549,59237,98786
30071,87924,117995
61705,53057,114762
34916,65031,99947
75557,76949,152506
79616,82529,162145
91497,35694,127191
46050,34139,80189
22307,91982,114289
36528,39422,75950
21213,23937,45150
37768,35017,72785
64510,86915,151425
52276,28733,81009
28330,93076,121406
59244,44845,104089
37972,13585,51557
85723,79825,165548
18598,77988,96586
595,68257,68852
14934,18942,33876
50812,87588,138400
85049,21263,106312
76109,61743,137852
99731,39613,139344
66,23413,23479
34626,23457,58083
42950,45616,88566
30960,91099,122059
3500,30358,33858
54217,10536,64753
63039,39424,102463
15426,47158,62584
52465,67447,119912
19656,33277,52933
22206,88131,110337
56799,1208,58007
31064,67352,98416
38792,78083,116875
93986,5595,99581
70809,70732,141541
44263,40770,85033
91689,11818,103507
45155,69563,114718
80366,98490,178856
41500,53969,95469
58293,43797,102090
19498,83779,103277
78265,12207,90472
21777,33571,55348
23597,38584,62181
86546,90931,177477
46003,88665,134668
64525,42696,107221
31308,79746,111054
19216,63294,82510
34271,28533,62804
887,12114,13001
60464,640,61104
60792,2694,63486
76279,9799,86078
14702,34040,48742
85922,73513,159435
56401,63775,120176
35676,15645,51321
32673,64373,97046
95521,70564,166085
38518,15000,53518
66948,67743,134691
11743,87770,99513
33565,52340,85905
19403,37834,57237
18518,86521,105039
12784,87258,100042
40348,95855,136203
24294,9468,33762
78789,1344,80133
63195,39677,102872
22064,6987,29051
84010,72638,156648
51611,49396,101007
22876,36698,59574
74123,81784,155907
4023,72507,76530
18004,42305,60309
98793,50351,149144
64290,96084,160374
99782,89735,189517
47065,49022,96087
37324,18634,55958
91585,67021,158606
24885,64719,89604
39423,63720,103143
60834,19591,80425
31492,73531,105023
93040,66143,159183
52819,79823,132642
15732,92557,108289
5586,53258,58844
24513,66425,90938
47531,5531,53062
25141,38447,63588
78397,70066,148463
79956,55418,135374
39317,29713,69030
74498,32962,107460
92683,86920,179603
88106,99476,187582
2792,4371,7163
89724,44650,134374
94585,89021,183606
22508,5830,28338
83871,45961,129832
97202,35230,132432
58292,24928,83220
81576,11882,93458
28016,78217,106233
99775,87303,187078
14126,6707,20833
43932,31224,75156
86201,70926,157127
2248,18183,20431
33167,1717,34884
68829,58350,127179
58087,52936,111023
69107,11305,80412
53216,16431,69647
90466,72640,163106
4780,41077,45857
71014,70672,141686
14317,68430,82747
28261,93873,122134
99017,72923,171940
13917,11861,25778
68991,12618,81609
21098,73601,94699
94732,25044,119776
80637,21828,102465
27730,25561,53291
4085,6421,10506
85387,54931,140318
21609,16565,38174
37590,38392,75982
94557,98544,193101
6104,67688,73792
54177,17926,72103
39244,8470,47714
19180,22579,41759
18263,38716,56979
33942,59861,93803
64187,27706,91893
83367,83036,166403
50114,4542,54656
57283,74228,131511
87564,93166,180730
28429,16509,44938
87443,55154,142597
3975,39498,43473
5204,56477,61681
28153,18278,46431
76045,55196,131241
25287,2152,27439
53492,64726,118218
42553,85638,128191
92127,95574,187701
698,9136,9834
91941,23135,115076
94217,19813,114030
99265,32088,131353
6465,94430,100895
134,36769,36903
16217,49775,65992
69621,13522,83143
58628,46119,104747
34972,94100,129072
87083,55839,142922
303,99366,99669
98458,47642,146100
1255,68272,69527
26477,32777,59254
97675,23781,121456
60542,70154,130696
58987,80972,139959
2048,47023,49071
75409,60643,136052
30901,56665,87566
66042,28223,94265
44078,44105,88183
1411,53629,55040
5275,88955,94230
52797,43790,96587
36311,50868,87179
90176,18762,108938
8932,60745,69677
62069,44231,106300
58730,94115,152845
84943,23657,108600
28325,80093,108418
17723,9066,26789
96349,19431,115780
31194,11955,43149
75612,62846,138458
22059,65918,87977
92256,26713,118969
46238,91461,137699
57393,27724,85117
40833,84019,124852
33250,67972,101222
98114,79077,177191
68729,389,69118
98731,63912,162643
16593,2686,19279
1075,87266,88341
70235,5133,75368
79622,45730,125352
78233,5929,84162
42708,78962,121670
89091,53869,142960
92604,43121,135725
21522,30790,52312
94508,19015,113523
66077,42366,108443
44230,80526,124756
70138,60330,130468
39122,51852,90974
82470,87923,170393
37940,81386,119326
89320,59624,148944
5162,14409,19571
97752,57879,155631
98589,16745,115334
38509,9105,47614
76141,75028,151169
85390,38243,123633
58857,57483,116340
95828,29097,124925
35976,78688,114664
76710,22384,99094
29498,81354,110852
78959,45079,124038
52712,44377,97089
76064,7384,83448
35045,93911,128956
60963,17523,78486
47823,83877,131700
16738,10990,27728
77399,94345,171744
87435,82653,170088
43913,37755,81668
33079,79823,112902
10021,33776,43797
30341,43949,74290
49033,44798,93831
56999,57473,114472
75657,26672,102329
38673,8674,47347
3294,89761,93055
23065,61238,84303
94432,53112,147544
2527,71751,74278
61088,55309,116397
33348,22545,55893
53523,11366,64889
67524,62740,130264
36828,36002,72830
39965,39455,79420
3743,95741,99484
6857,39129,45986
75556,98384,173940
15175,92567,107742
71145,83759,154904
46125,10122,56247
3350,51185,54535
10033,60740,70773
90283,47900,138183
3146,31943,35089
72967,33517,106484
61513,91978,153491
69794,45012,114806
28672,47776,76448
4916,56022,60938
23781,60127,83908
49017,1827,50844
27981,75181,103162
66104,82825,148929
91502,94768,186270
785,55843,56628
27387,16856,44243
58890,40750,99640
23665,75032,98697
49880,55001,104881
68328,99831,168159
90767,8464,99231
17049,11115,28164
54971,55712,110683
84246,73900,158146
80977,64696,145673
5895,41579,47474
39337,42178,81515
52345,99817,152162
90193,85905,176098
97862,16531,114393
93636,59641,153277
19109,34078,53187
33960,28978,62938
36811,48405,85216
86115,74846,160961
18945,79243,98188
10254,87941,98195
39187,90160,129347
99015,87699,186714
92015,39932,131947
32121,37068,69189
2805,68205,71010
12203,2963,15166
96491,11975,108466
15196,2254,17450
80681,19457,100138
56023,97621,153644
42763,26002,68765
53080,89593,142673
41251,17508,58759
93413,48319,141732
10421,50260,60681
49824,57387,107211
2304,9539,11843
90798,73053,163851
93918,49423,143341
76406,86632,163038
57938,9251,67189
19140,26146,45286
24507,30145,54652
90256,6925,97181
77965,92384,170349
25735,69538,95273
57231,84594,141825
75988,78168,154156
40403,43719,84122
84971,25018,109989
67144,95532,162676
83441,56610,140051
27490,55142,82632
81667,17616,99283
58561,51508,110069
10655,53880,64535
27140,25480,52620
11173,28092,39265
39032,81990,121022
13227,86957,100184
32414,70458,102872
28319,39457,67776
53141,61924,115065
9444,93190,102634
6086,65329,71415
72544,81431,153975
69421,59551,128972
40016,54692,94708
43512,21335,64847
77756,72762,150518
49815,12629,62444
5465,81574,87039
58478,61306,119784
44807,98170,142977
84166,59913,144079
92204,42075,134279
85201,33959,119160
99220,12396,111616
95947,47324,143271
86084,72985,159069
3173,1013,4186
83486,20575,104061
19778,30918,50696
28696,96466,125162
47636,624,48260
12225,58030,70255
61381,66417,127798
87689,83376,171065
43063,88149,131212
86116,24737,110853
96721,7219,103940
82266,38972,121238
76211,1449,77660
58243,65167,123410
12635,62131,74766
30737,55504,86241
32305,65953,98258
6908,32872,39780
75910,22740,98650
83176,79490,162666
57077,80844,137921
33223,60348,93571
3171,95166,98337
42483,75934,118417
99198,12047,111245
11736,21393,33129
17782,12610,30392
95055,45821,140876
46975,8444,55419
16622,67051,83673
8803,97398,106201
12559,46498,59057
42532,23671,66203
47687,57474,105161
28513,96165,124678
83771,56120,139891
18177,3907,22084
5766,4053,9819
45609,88795,134404
33620,92138,125758
88477,19402,107879
3285,35800,39085
79236,75715,154951
26421,8473,34894
86256,46278,132534
24410,98379,122789
9420,48101,57521
72762,35140,107902
88807,25382,114189
96236,78148,174384
22636,15321,37957
39288,6483,45771
18404,28595,46999
88261,18771,107032
95697,62316,158013
66074,34776,100850
57938,28970,86908
26930,16810,43740
35980,33670,69650
50090,19657,69747
87664,38313,125977
65120,31569,96689
88874,16932,105806
15286,7486,22772
29555,55231,84786
65303,10041,75344
82987,56502,139489
40086,49478,89564
3155,70725,73880
43193,78810,122003
57765,63789,121554
77037,51535,128572
85448,31207,116655
98006,89531,187537
81264,87590,168854
34618,21549,56167
63609,23312,86921
61726,5511,67237
57351,13766,71117
67661,45535,113196
32892,16758,49650
91971,89019,180990
32743,1977,34720
50451,44906,95357
93388,18749,112137
97058,91829,188887
7121,32449,39570
41952,95496,137448
39298,53911,93209
1802,60324,62126
23028,59150,82178
83434,68814,152248
66256,64111,130367
97302,80760,178062
32134,50891,83025
75720,12855,88575
92563,76541,169104
10094,74443,84537
74239,62344,136583
93092,31132,124224
50465,1928,52393
18198,51330,69528
96820,26276,123096
63646,13033,76679
55890,36454,92344
89895,63005,152900
38816,36070,74886
36219,50990,87209
12998,75104,88102
6654,82112,88766
63417,29696,93113
18193,46196,64389
33455,59806,93261
96550,29601,126151
60591,90180,150771
66610,17466,84076
45175,56727,101902
48383,37105,85488
96443,77404,173847
67932,89360,157292
32463,24408,56871
57308,55959,113267
57219,64619,121838
34673,35573,70246
99714,12991,112705
58493,33277,91770
37376,54907,92283
45417,30147,75564
41881,72378,114259
99625,99392,199017
68859,39622,108481
41199,22639,63838
41984,69200,111184
44448,26272,70720
1934,41663,43597
47757,49284,97041
31893,99463,131356
76727,3927,80654
21864,76116,97980
30342,63364,93706
2804,81322,84126
38569,76312,114881
41097,87892,128989
59561,33812,93373
82123,58755,140878
72289,50123,122412
20830,51557,72387
89089,15837,104926
9186,4199,13385
77624,50234,127858
30658,84497,115155
59369,15891,75260
11018,97336,108354
45029,73964,118993
44253,183,44436
94200,430,94630
48,59553,59601
9920,35067,44987
46364,26477,72841
40442,79359,119801
14587,8378,22965
86742,5501,92243
19986,1348,21334
23165,90038,113203
30871,50926,81797
60746,87820,148566
97779,8586,106365
4200,69568,73768
60328,43115,103443
12742,99573,112315
36666,29390,66056
60659,86049,146708
81569,59037,140606
9292,17154,26446
27693,88939,116632
25614,57657,83271
30661,77464,108125
91897,85940,177837
69851,3832,73683
60472,89131,149603
63597,17462,81059
41314,5061,46375
57329,94793,152122
40875,70644,111519
44084,48368,92452
46280,89282,135562
80868,65652,146520
98773,11574,110347
17854,66004,83858
78879,75009,153888
16147,66352,82499
31168,1298,32466
88327,94838,183165
13398,4060,17458
78470,94367,172837
44112,51826,95938
74845,3438,78283
18554,10307,28861
47355,17860,65215
68944,90920,159864
25678,6982,32660
22086,45335,67421
4276,57799,62075
36755,59981,96736
65195,60127,125322
44506,49407,93913
88015,79613,167628
73914,34694,108608
83307,3080,86387
60704,11541,72245
33210,25372,58582
76747,9078,85825
79419,81299,160718
27042,9500,36542
81388,93137,174525
69796,71949,141745
237,98981,99218
32911,93337,126248
72023,50238,122261
35778,66999,102777
37487,17905,55392
14516,52754,67270
25236,5116,30352
9843,86997,96840
50712,12057,62769
36400,61803,98203
5903,75539,81442
31833,26638,58471
87150,56662,143812
81364,11578,92942
67437,2900,70337
81781,66889,148670
45481,695,46176
71236,14756,85992
48775,8357,57132
35570,70578,106148
18850,8158,27008
39605,69996,109601
75874,33565,109439
56008,53503,109511
21275,44765,66040
71548,68445,139993
48307,86347,134654
90965,456,91421
91943,20883,112826
29729,79841,109570
30688,33994,64682
71139,71242,142381
4811,78368,83179
91984,55726,147710
29004,78215,107219
74684,69508,144192
81617,25047,106664
17672,68184,85856
38976,17788,56764
14794,76918,91712
74402,8995,83397
31089,47007,78096
17572,74624,92196
54937,68187,123124
90402,7754,98156
91506,69969,161475
85131,43023,128154
5248,25373,30621
17448,42279,59727
87259,4679,91938
322,74370,74692
7114,68141,75255
87814,60333,148147
90672,70955,161627
74910,90613,165523
3052,47423,50475
24366,17610,41976
59296,64889,124185
95112,63020,158132
43364,85416,128780
25972,58051,84023
39721,57303,97024
49062,38218,87280
84029,7845,91874
33401,59058,92459
60290,35719,96009
45963,77778,123741
77992,45835,123827
26640,53326,79966
23528,28538,52066
91195,1396,92591
83675,68887,152562
11228,57800,69028
30966,81346,112312
76384,33432,109816
70404,95936,166340
10204,60531,70735
67974,28092,96066
54561,77603,132164
40446,43503,83949
53333,22863,76196
31827,26827,58654
5839,96304,102143
25800,42620,68420
35583,78227,113810
54825,57571,112396
72107,22426,94533
25088,86185,111273
18297,43678,61975
55889,77506,133395
21808,95404,117212
55961,54966,110927
65602,76045,141647
76853,3576,80429
23862,4032,27894
57363,69909,127272
98510,78274,176784
8001,88125,96126
21533,2682,24215
20137,16117,36254
40093,85434,125527
64539,45844,110383
26103,66873,92976
6429,34835,41264
68216,72926,141142
1467,32521,33988
12875,84130,97005
22002,21696,43698
39078,67382,106460
28962,35084,64046
44094,30351,74445
78921,50910,129831
15589,87670,103259
19556,3899,23455
93986,90623,184609
43833,4383,48216
13852,83625,97477
42419,58,42477
75880,43649,119529
45817,54117,99934
21913,76522,98435
5432,34760,40192
22913,12997,35910
82054,18788,100842
49704,95267,144971
92004,11454,103458
43343,87515,130858
11442,15293,26735
99534,33307,132841
99114,63042,162156
97386,17041,114427
21239,67939,89178
13878,35782,49660
97459,49590,147049
48789,98957,147746
73089,33025,106114
32409,98709,131118
94017,18003,112020
35360,1883,37243
24056,6430,30486
33703,21332,55035
62786,57629,120415
202,54083,54285
35875,11518,47393
78544,50282,128826
20764,65104,85868
70571,63910,134481
14674,3640,18314
15893,92206,108099
2384,33538,35922
13732,17156,30888
23893,66944,90837
41958,45657,87615
35821,36039,71860
709,98359,99068
2290,62671,64961
9621,88813,98434
35936,93565,129501
19495,47556,67051
50069,8011,58080
46510,93774,140284
25279,52579,77858
94092,15129,109221
23082,87215,110297
90591,22778,113369
35956,4750,40706
72655,82996,155651
41766,27965,69731
16525,6977,23502
99052,36640,135692
20169,80106,100275
67619,57073,124692
93172,43674,136846
72223,78138,150361
79507,2685,82192
41279,1853,43132
36266,47794,84060
41666,22611,64277
11597,16863,28460
98984,48574,147558
15594,81604,97198
95664,98891,194555
39521,94895,134416
69057,93990,163047
39283,79393,118676
16325,16286,32611
30758,23925,54683
50481,43183,93664
4670,90093,94763
6499,11847,18346
69780,85018,154798
90973,88780,179753
18238,94772,113010
86569,8168,94737
53741,19840,73581
47210,70068,117278
34392,11004,45396
50975,63735,114710
85824,20090,105914
90191,79063,169254
89323,5429,94752
10125,29002,39127
28385,60043,88428
20352,65978,86330
4244,38306,42550
7787,5663,13450
47932,26162,74094
84195,74431,158626
42031,75996,118027
35824,57317,93141
25401,96038,121439
50835,91113,141948
30684,31833,62517
19218,32124,51342
37906,38295,76201
31897,57515,89412
8516,14359,22875
74716,56105,130821
3198,74538,77736
11765,91342,103107
54825,19634,74459
6071,43097,49168
55250,44446,99696
72359,20563,92922
75755,97296,173051
91259,62941,154200
63033,82422,145455
23039,89635,112674
86447,28687,115134
51698,41078,92776
50864,46282,97146
53658,17125,70783
25576,59570,85146
25717,13178,38895
81900,89092,170992
91693,88235,179928
7826,80192,88018
23564,31466,55030
40881,31218,72099
10730,57940,68670
50683,88862,139545
52616,63828,116444
78645,69079,147724
21191,8693,29884
68198,63308,131506
20190,61317,81507
49674,29749,79423
61290,61426,122716
35830,6311,42141
16367,2378,18745
67952,68917,136869
79152,20931,100083
99268,66271,165539
28091,59419,87510
77594,10612,88206
61365,6537,67902
50019,94634,144653
53457,51209,104666
19787,15099,34886
27906,99181,127087
99849,90266,190115
15594,39075,54669
11392,48851,60243
71750,89348,161098
6961,43892,50853
87580,55678,143258
94250,10104,104354
94976,71799,166775
72302,58302,130604
14967,46409,61376
76184,50764,126948
17568,38419,55987
23207,97251,120458
3431,35040,38471
25283,29942,55225
43801,37319,81120
43043,99520,142563
47724,25854,73578
33053,61639,94692
48250,94101,142351
52770,96270,149040
19375,41364,60739
53092,70047,123139
84645,97616,182261
2347,23068,25415
10410,48623,59033
74709,3706,78415
41023,86935,127958
4350,89187,93537
35599,37194,72793
77153,71465,148618
90170,73313,163483
44876,45937,90813
5613,9042,14655
75944,44188,120132
4116,72528,76644
96322,22162,118484
10823,74183,85006
38893,27035,65928
28063,11289,39352
87819,42415,130234
73602,66338,139940
93973,24287,118260
17529,57827,75356
26690,68547,95237
82543,9082,91625
2838,78198,81036
87102,68768,155870
57415,82713,140128
65909,36672,102581
79269,83406,162675
9596,68891,78487
27182,5675,32857
10710,29902,40612
13360,20389,33749
53087,34112,87199
28836,82942,111778
105,12619,12724
75527,7416,82943
98742,36255,134997
25475,21751,47226
73794,57111,130905
79594,21285,100879
81457,84994,166451
58550,45112,103662
55708,96522,152230
22954,95592,118546
63525,70772,134297
41743,78804,120547
71954,61043,132997
82724,4593,87317
86068,64997,151065
32485,59878,92363
12701,66319,79020
46946,70730,117676
62994,92834,155828
85239,49063,134302
46924,11087,58011
38645,90081,128726
12851,36873,49724
72502,38739,111241
30639,32549,63188
25123,68332,93455
26825,3804,30629
10449,53266,63715
72563,84027,156590
88672,48120,136792
14391,53936,68327
10177,9573,19750
74452,60397,134849
32873,81229,114102
26584,9213,35797
25840,53742,79582
52649,29722,82371
23341,25525,48866
47620,57,47677
39048,72838,111886
84545,64483,149028
84765,49693,134458
43136,93647,136783
85964,78477,164441
27249,25219,52468
34450,28886,63336
51683,4762,56445
18201,50840,69041
27258,1547,28805
43750,16336,60086
93377,8090,101467
9107,81109,90216
47708,7608,55316
34691,12298,46989
23940,4790,28730
77399,15661,93060
17597,62828,80425
15150,91097,106247
53884,52239,106123
94417,72444,166861
62755,21818,84573
82479,13178,95657
69607,7103,76710
51903,2958,54861
51253,87011,138264
99036,10331,109367
84172,38947,123119
2149,42900,45049
27488,63723,91211
16937,49048,65985
66478,78154,144632
42624,77281,119905
65026,9138,74164
22098,16366,38464
18139,87640,105779
46938,65957,112895
83198,18741,101939
56088,52398,108486
14833,54673,69506
27618,17431,45049
43451,68335,111786
29323,59988,89311
19445,50790,70235
93471,90373,183844
51458,34469,85927
98403,79432,177835
81236,35514,116750
92719,51412,144131
54013,2117,56130
6188,13915,20103
18337,118,18455
26869,5971,32840
30437,68202,98639
91983,23852,115835
62697,2091,64788
15072,46794,61866
94965,61001,155966
29165,95616,124781
70416,18236,88652
80206,37925,118131
81893,31606,113499
10777,59306,70083
10753,14741,25494
89502,46489,135991
72107,35738,107845
58157,43555,101712
97891,66662,164553
25921,1374,27295
99160,99680,198840
38670,9386,48056
56726,32803,89529
60643,59127,119770
2735,12412,15147
60192,1717,61909
39146,87892,127038
56025,7437,63462
4270,3257,7527
82930,96593,179523
68110,35784,103894
76614,24962,101576
37098,8416,45514
72261,77738,149999
45842,85997,131839
89328,34691,124019
61039,73195,134234
31348,47361,78709
49828,61269,111097
81540,1665,83205
20227,60248,80475
99274,2853,102127
12244,74378,86622
43272,69071,112343
25953,30426,56379
4427,90573,95000
87364,91116,178480
78655,65686,144341
67418,17414,84832
33288,49868,83156
92333,46621,138954
55062,33627,88689
88721,81437,170158
39725,11651,51376
24475,13164,37639
14009,64572,78581
55438,58269,113707
26599,9618,36217
30386,45343,75729
21593,47658,69251
35859,99197,135056
24005,94158,118163
42730,93010,135740
58231,94529,152760
35870,72702,108572
28653,7873,36526
13522,3601,17123
89105,38186,127291
36486,7884,44370
30695,33400,64095
19161,91711,110872
49614,95701,145315
70634,80547,151181
75242,98858,174100
58008,22443,80451
75008,19917,94925
87071,98580,185651
93890,3165,97055
35246,98908,134154
84327,53840,138167
42890,8658,51548
381,3871,4252
92197,31171,123368
72812,43862,116674
44596,43595,88191
36089,7376,43465
49993,18396,68389
8257,28143,36400
19990,82001,101991
55171,28634,83805
21690,78641,100331
19801,40497,60298
42131,61893,104024
25217,16500,41717
35816,30923,66739
8288,88820,97108
69859,17361,87220
75795,14400,90195
88483,65493,153976
45428,7949,53377
24881,29511,54392
9522,45009,54531
47658,1510,49168
9583,13237,22820
28119,25670,53789
85838,85084,170922
8446,24740,33186
82515,34156,116671
74499,47797,122296
55615,35388,91003
59428,26830,86258
56551,43142,99693
86747,9976,96723
6554,29546,36100
70568,19882,90450
94661,223,94884
82946,7338,90284
30321,55511,85832
66673,1718,68391
14934,2874,17808
35288,54896,90184
23510,83316,106826
94567,13553,108120
47990,73479,121469
2049,76311,78360
37379,75917,113296
37222,74819,112041
93985,51254,145239
60747,71792,132539
55214,41703,96917
43569,18218,61787
44399,66210,110609
43309,20634,63943
8788,56048,64836
31200,62058,93258
8554,92854,101408
91544,80622,172166
56142,52226,108368
52580,22083,74663
14662,96649,111311
69010,59570,128580
53683,48530,102213
30350,68600,98950
75801,87843,163644
13598,64309,77907
41862,29985,71847
85235,55081,140316
77692,29942,107634
65984,86209,152193
29993,12730,42723
81699,90147,171846
75242,31476,106718
26161,2600,28761
84158,71767,155925
73095,13317,86412
85126,88453,173579
42343,18086,60429
53549,23523,77072
23308,44726,68034
7878,53287,61165
85527,4055,89582
14907,28592,43499
96754,13188,109942
43960,96693,140653
18119,10146,28265
11163,78888,90051
9104,62376,71480
38003,14368,52371
17691,74501,92192
94955,52289,147244
57949,66813,124762
51970,65435,117405
17603,4102,21705
16871,1086,17957
28571,28629,57200
91964,21654,113618
77634,1101,78735
55654,48343,103997
85856,68721,154577
91652,20158,111810
25243,88003,113246
4456,49322,53778
2004,21732,23736
40201,51024,91225
61171,11746,72917
70207,36617,106824
65550,27067,92617
92741,658,93399
35228,54065,89293
5592,40365,45957
18560,15552,34112
54450,68001,122451
6154,99197,105351
10686,91364,102050
66695,47628,114323
79230,57935,137165
91245,20883,112128
19742,57034,76776
3861,73769,77630
45672,62377,108049
16978,74771,91749
42582,87975,130557
62993,38487,101480
16535,74674,91209
32557,18055,50612
96596,38984,135580
96640,58198,154838
40402,62420,102822
24607,10191,34798
57972,19274,77246
11149,3936,15085
679,25603,26282
84925,98740,183665
94811,90495,185306
49283,19979,69262
7789,25794,33583
9862,52965,62827
25780,34583,60363
11357,34600,45957
36615,12315,48930
60657,53324,113981
52194,358,52552
35496,43687,79183
41893,28384,70277
63478,59100,122578
17802,71335,89137
20248,23795,44043
37525,62618,100143
84859,16574,101433
97469,67634,165103
56101,22152,78253
86351,17035,103386
51962,25865,77827
10097,99020,109117
9174,37566,46740
124,68055,68179
29597,20495,50092
67337,99898,167235
51581,97622,149203
15769,59343,75112
26709,37533,64242
21924,2248,24172
42247,66307,108554
6591,89602,96193
11918,58242,70160
68840,30387,99227
61789,67778,129567
67195,82801,149996
84565,71611,156176
36855,65106,101961
29433,82347,111780
38941,10929,49870
49425,70489,119914
66949,59833,126782
84333,252,84585
77466,93307,170773
28801,61902,90703
85806,60433,146239
11180,8085,19265
80715,78862,159577
71165,825,71990
11783,39215,50998
66132,37003,103135
88207,92802,181009
86976,94200,181176
24871,38033,62904
12193,33128,45321
63201,77492,140693
77352,99828,177180
54252,21788,76040
16264,78958,95222
88641,64395,153036
91765,40135,131900
34634,7620,42254
49609,16602,66211
46558,66498,113056
6868,58959,65827
58505,61687,120192
72244,77308,149552
51459,81023,132482
97240,10395,107635
73182,92565,165747
52948,25864,78812
86088,90292,176380
30496,64840,95336
18460,21096,39556
52282,27200,79482
73596,54647,128243
28356,12565,40921
78522,82931,161453
15219,16624,31843
20967,83381,104348
35279,27236,62515
75271,27328,102599
11238,82306,93544
35834,24338,60172
40871,37383,78254
10177,85473,95650
49737,41843,91580
96860,47164,144024
43723,42950,86673
38817,13247,52064
70528,47130,117658
86884,64326,151210
69146,55508,124654
64545,58734,123279
88410,57835,146245
44567,23517,68084
19753,24743,44496
48049,54163,102212
15915,14849,30764
91313,88087,179400
865,95132,95997
25732,19537,45269
79661,76732,156393
26100,8873,34973
90057,88995,179052
72918,18512,91430
86339,69512,155851
65665,49996,115661
98653,57460,156113
55252,53523,108775
88565,72026,160591
69129,96979,166108
32079,86784,118863
54913,81174,136087
59341,26812,86153
61732,56368,118100
21150,81595,102745
77414,92830,170244
98611,94211,192822
79733,36914,116647
10856,49953,60809
73144,52750,125894
75915,87850,163765
90862,67450,158312
7443,42276,49719
6080,49448,55528
48584,62810,111394
8978,93191,102169
60000,12878,72878
96382,39766,136148
16635,35117,51752
59913,89280,149193
80398,59223,139621
31369,21563,52932
72395,68196,140591
11871,56282,68153
52765,59211,111976
72148,88535,160683
68683,73180,141863
57171,22903,80074
90794,39415,130209
91361,86506,177867
85456,68551,154007
62565,47826,110391
32363,95446,127809
48878,80364,129242
44375,89421,133796
92724,53084,145808
48080,27189,75269
97197,56772,153969
31891,53846,85737
83490,34165,117655
58947,75833,134780
86463,67742,154205
78550,58885,137435
57234,97719,154953
70176,12047,82223
73155,88581,161736
81954,21336,103290
75175,23558,98733
946,6422,7368
5891,45471,51362
22226,56948,79174
35906,62195,98101
47208,83854,131062
11329,44770,56099
36872,29029,65901
29015,87107,116122
4955,28174,33129
72975,13430,86405
10460,2467,12927
63829,28572,92401
89834,63530,153364
13373,70172,83545
22583,62549,85132
64655,5765,70420
83282,13833,97115
19069,10099,29168
51802,68028,119830
47442,98394,145836
95028,14006,109034
48367,88657,137024
23802,27181,50983
50570,12119,62689
82357,12801,95158
77295,16078,93373
94055,37530,131585
72326,16108,88434
70418,98483,168901
76737,51657,128394
42426,45425,87851
24754,23939,48693
59443,78494,137937
50853,41328,92181
52127,77729,129856
90135,58170,148305
79053,9938,88991
91972,73956,165928
50747,62520,113267
27196,34303,61499
27285,16680,43965
46984,16842,63826
19471,5933,25404
77983,26497,104480
52844,83234,136078
29774,28773,58547
8969,27810,36779
18096,61821,79917
32829,3140,35969
99932,96545,196477
61119,48404,109523
14953,22552,37505
14898,35154,50052
52124,62967,115091
46073,80114,126187
86277,29947,116224
83062,89456,172518
95703,33270,128973
17762,29072,46834
62252,61954,124206
69408,50809,120217
70636,58218,128854
94232,71444,165676
45350,48880,94230
2333,89188,91521
33443,37972,71415
60358,41968,102326
84235,37799,122034
13007,4066,17073
69983,24561,94544
2807,84749,87556
32808,54639,87447
91816,56576,148392
62560,96049,158609
48379,17561,65940
80290,61502,141792
47974,66405,114379
17376,84566,101942
43471,95921,139392
6310,60951,67261
33323,28699,62022
31179,44717,75896
57132,40120,97252
50526,92533,143059
66043,99643,165686
45219,15178,60397
74079,73156,147235
49615,4362,53977
11808,88238,100046
80614,29624,110238
37678,36,37714
50366,44632,94998
74982,16171,91153
85839,40501,126340
10012,54451,64463
58043,29541,87584
83466,58970,142436
6476,2940,9416
65337,5690,71027
74281,92137,166418
11354,64644,75998
12813,77429,90242
93431,33653,127084
1456,24295,25751
74688,6360,81048
16633,33828,50461
60581,20478,81059
71748,63153,134901
37032,83694,120726
41084,65810,106894
56615,95516,152131
6274,77836,84110
38171,76860,115031
93547,67099,160646
72357,38325,110682
74671,16157,90828
98391,96393,194784
42175,2242,44417
87607,64241,151848
57752,61139,118891
68795,41903,110698
34424,3124,37548
61757,24085,85842
15715,41177,56892
4515,70819,75334
36508,22171,58679
48237,48201,96438
44985,92135,137120
71324,52235,123559
55206,35663,90869
71822,2934,74756
45160,4659,49819
26223,98612,124835
3419,49332,52751
50440,54185,104625
48621,64010,112631
58668,99572,158240
50532,45968,96500
77571,97434,175005
86826,83912,170738
38580,98766,137346
25885,37797,63682
10696,72455,83151
91021,8422,99443
9042,41291,50333
22565,98971,121536
26845,60022,86867
42071,83007,125078
46945,51591,98536
16754,68550,85304
59041,85302,144343
90684,20204,110888
18134,15497,33631
64415,48211,112626
79881,14049,93930
54482,93516,147998
80113,87631,167744
26144,8376,34520
84812,16558,101370
44906,39580,84486
44313,10744,55057
24009,5828,29837
50516,86419,136935
70933,13791,84724
74898,58025,132923
48759,33226,81985
51102,99887,150989
16559,16194,32753
62360,55943,118303
72563,60745,133308
74845,98177,173022
53565,66665,120230
83584,86460,170044
61063,29328,90391
59351,6026,65377
18657,74552,93209
34185,60525,94710
2999,14967,17966
34264,51278,85542
2893,1808,4701
85112,57081,142193
29943,99060,129003
59063,97025,156088
39158,30084,69242
97191,80577,177768
65443,7302,72745
40040,96755,136795
5020,87654,92674
18234,76868,95102
70482,10639,81121
10395,78826,89221
55464,91767,147231
90982,93408,184390
2969,6261,9230
79897,44590,124487
30622,36012,66634
86171,70628,156799
19041,19249,38290
97065,58960,156025
5382,96245,101627
36908,6127,43035
15892,30287,46179
70238,12094,82332
44031,81390,125421
59595,47989,107584
84345,64994,149339
79153,91944,171097
26081,33649,59730
46436,94960,141396
75037,16566,91603
19218,35446,54664
43620,51814,95434
17625,22845,40470
54065,48287,102352
22318,64851,87169
10405,17459,27864
93244,17099,110343
43728,21664,65392
598,18189,18787
41528,20062,61590
43290,74398,117688
32964,11119,44083
3137,25983,29120
41659,63636,105295
17877,32671,50548
67916,71332,139248
47886,31221,79107
38056,72263,110319
33914,38144,72058
62513,73109,135622
39509,11508,51017
20864,61360,82224
67545,47727,115272
92899,18424,111323
29218,34635,63853
84346,45494,129840
36490,76061,112551
50219,70609,120828
29661,42990,72651
46947,36118,83065
88894,51207,140101
30095,14890,44985
96672,77306,173978
17564,99577,117141
1024,69106,70130
7994,39255,47249
71423,17994,89417
15928,4852,20780
92220,97269,189489
84587,82134,166721
15340,82779,98119
18176,31197,49373
12943,56158,69101
27653,30684,58337
961,2480,3441
30489,26381,56870
71738,2171,73909
18100,24616,42716
49466,76599,126065
37599,63532,101131
82225,20315,102540
95337,841,96178
65897,81714,147611
16869,59527,76396
20947,67470,88417
62447,71761,134208
97555,14534,112089
73720,5627,79347
89139,61224,150363
57569,16843,74412
7011,94202,101213
4925,2738,7663
61925,45465,107390
92054,79139,171193
57421,69444,126865
46337,24940,71277
41766,28100,69866
48142,4493,52635
21322,54259,75581
29607,99745,129352
91580,40622,132202
99640,31653,131293
49202,30264,79466
48545,49090,97635
6306,20951,27257
63184,97857,161041
71365,65809,137174
82074,10012,92086
32174,68394,100568
75945,23640,99585
2894,1855,4749
83235,61453,144688
79306,40633,119939
88692,8334,97026
22514,34629,57143
17078,63152,80230
31692,75767,107459
17145,48603,65748
5962,37003,42965
92453,2109,94562
72036,46551,118587
49556,17062,66618
93593,30972,124565
93393,25053,118446
71063,84767,155830
65991,39445,105436
28337,50685,79022
3401,17391,20792
82996,2018,85014
66744,31691,98435
85035,20868,105903
69966,40058,110024
54192,42847,97039
79298,66104,145402
29577,88183,117760
9210,56358,65568
79884,74503,154387
25835,65052,90887
67083,95020,162103
64730,55888,120618
18434,1046,19480
32718,47340,80058
14838,50238,65076
20672,23481,44153
55564,87797,143361
76190,32957,109147
58945,26457,85402
72122,57401,129523
65657,95012,160669
68819,18761,87580
44702,14373,59075
92498,5384,97882
38515,24087,62602
52935,4217,57152
75046,51601,126647
41515,70292,111807
41092,91870,132962
50613,15491,66104
75886,57618,133504
11865,84486,96351
85550,3824,89374
80651,20734,101385
81671,78272,159943
53399,48272,101671
14947,37023,51970
98286,59575,157861
29172,9333,38505
28291,20581,48872
46185,37682,83867
92445,15741,108186
53651,16205,69856
13872,26756,40628
75638,52642,128280
64470,21327,85797
31993,32354,64347
79872,26960,106832
33060,85475,118535
76537,83211,159748
37987,30946,68933
67169,64127,131296
69504,76399,145903
66763,85603,152366
89419,97045,186464
29222,54875,84097
21309,70539,91848
51156,35744,86900
28325,66803,95128
41183,93725,134908
9978,48085,58063
60124,63938,124062
80224,68928,149152
20811,13031,33842
4681,48381,53062
56162,42571,98733
87593,4581,92174
50377,51431,101808
22046,44035,66081
26674,6690,33364
8865,24290,33155
18724,75342,94066
9559,51533,61092
9858,27656,37514
71225,81949,153174
82992,17927,100919
58524,8219,66743
98851,17375,116226
73101,62155,135256
73859,14556,88415
39140,20395,59535
59276,74635,133911
63617,81386,145003
37076,84519,121595
27669,57006,84675
87988,1661,89649
79732,75532,155264
32097,12431,44528
95325,63999,159324
69264,68885,138149
49462,4811,54273
78876,3409,82285
40331,3999,44330
58882,14385,73267
20671,4292,24963
28295,13830,42125
55821,77720,133541
72065,87435,159500
36531,98367,134898
76200,55594,131794
42549,43053,85602
5314,23711,29025
57140,91720,148860
84079,82279,166358
49450,51270,100720
77927,86406,164333
56520,90622,147142
28068,6571,34639
10949,36492,47441
92693,47803,140496
30253,22034,52287
8429,25275,33704
47119,28116,75235
20613,29500,50113
92149,56215,148364
26746,54662,81408
2103,98521,100624
19752,3085,22837
3587,27677,31264
2703,95717,98420
61942,16671,78613
52763,48425,101188
67887,85177,153064
77610,70983,148593
5834,86377,92211
2966,65483,68449
92538,37350,129888
56719,56826,113545
67305,23353,90658
18196,99957,118153
30235,7528,37763
32030,48412,80442
32390,42698,75088
30163,42431,72594
26692,56701,83393
72990,88673,161663
28565,93291,121856
76193,90158,166351
14074,14160,28234
80470,81762,162232
98683,53269,151952
30317,47474,77791
91987,38796,130783
28699,71111,99810
13773,15450,29223
60535,21074,81609
98948,63535,162483
92687,22022,114709
44031,10322,54353
39174,41017,80191
56077,11111,67188
20065,74583,94648
97801,75366,173167
25339,8082,33421
60956,53922,114878
26123,56766,82889
94416,7794,102210
39067,12612,51679
89302,48515,137817
38177,1666,39843
27941,65640,93581
99526,83179,182705
74292,96006,170298
92036,30699,122735
32261,91936,124197
64941,6206,71147
13338,23990,37328
37598,74993,112591
42630,81644,124274
15100,24060,39160
7076,41465,48541
9548,69746,79294
4250,5114,9364
53893,49100,102993
45692,57081,102773
74965,78581,153546
19126,74604,93730
51010,97840,148850
66949,36166,103115
46949,50851,97800
70361,44732,115093
62135,22625,84760
84791,9827,94618
59355,32377,91732
46989,7627,54616
49073,75839,124912
655,30969,31624
66944,57066,124010
76660,84468,161128
5447,91373,96820
35410,38418,73828
69348,92209,161557
97092,24624,121716
75499,71920,147419
27122,54594,81716
48661,95913,144574
34220,47182,81402
16814,12140,28954
26124,29914,56038
27689,62449,90138
80293,93855,174148
57332,31519,88851
53903,96754,150657
95613,79550,175163
26516,26930,53446
86328,64117,150445
6503,23325,29828
74225,38244,112469
1569,63354,64923
73484,51208,124692
95696,19763,115459
49285,23495,72780
53348,88730,142078
55001,70817,125818
9983,45789,55772
78197,21477,99674
85250,62942,148192
3497,24558,28055
53448,28273,81721
76898,60269,137167
21478,98983,120461
34181,32522,66703
90932,35953,126885
3610,1650,5260
48286,23949,72235
85736,71729,157465
10274,85832,96106
59066,57030,116096
17681,45171,62852
81958,26961,108919
24253,84950,109203
64520,46084,110604
49076,26594,75670
12631,25176,37807
56911,49372,106283
28830,15669,44499
85748,58277,144025
16901,44374,61275
2572,22681,25253
91717,63118,154835
55835,37612,93447
94745,10941,105686
97083,48389,145472
6830,84661,91491
1545,35341,36886
51961,29896,81857
49905,43601,93506
89562,42084,131646
36938,74398,111336
80915,45690,126605
82108,2894,85002
60295,35527,95822
10569,23417,33986
8058,50478,58536
57109,73104,130213
28571,24209,52780
66138,96484,162622
812,6322,7134
67682,92340,160022
39701,37023,76724
25003,12388,37391
55266,31182,86448
62673,56686,119359
32278,18482,50760
84583,68415,152998
5229,31742,36971
16798,34473,51271
36443,86128,122571
77738,37885,115623
45822,50263,96085
54348,24320,78668
8052,69276,77328
46079,6565,52644
63917,75831,139748
21743,81131,102874
59724,24777,84501
4163,45891,50054
65173,74087,139260
36553,98775,135328
82539,77636,160175
77757,8586,86343
701,17333,18034
75274,36924,112198
53726,72307,126033
18361,42810,61171
3047,26612,29659
31557,55178,86735
89661,53526,143187
2345,33596,35941
97353,83503,180856
8430,94065,102495
89931,10655,100586
67344,39870,107214
74495,45446,119941
98258,22755,121013
10447,76888,87335
96242,76664,172906
8837,35362,44199
87740,42079,129819
85498,83898,169396
57683,59310,116993
91522,42008,133530
74703,6234,80937
63130,95308,158438
87605,75177,162782
37477,50073,87550
90240,73973,164213
94429,67260,161689
43534,43726,87260
45537,2681,48218
96994,71670,168664
87668,94011,181679
57141,50287,107428
2257,1857,4114
56901,14639,71540
77693,56190,133883
14310,55529,69839
32933,18097,51030
18299,15300,33599
55610,67962,123572
95490,441,95931
41355,69341,110696
77,1572,1649
60256,95420,155676
16364,18187,34551
97455,26146,123601
65061,73676,138737
84809,83794,168603
92831,1866,94697
89280,98548,187828
9116,2260,11376
22799,29591,52390
64151,66000,130151
33533,62382,95915
9513,51007,60520
22774,25727,48501
76948,89774,166722
34862,3165,38027
53001,64462,117463
67125,50714,117839
99651,40719,140370
90280,71214,161494
24517,44408,68925
72933,30623,103556
53888,72060,125948
3771,610,4381
82722,39791,122513
22768,22422,45190
27277,33150,60427
62832,18556,81388
68507,12693,81200
24938,30364,55302
26780,17055,43835
62879,35047,97926
63991,75596,139587
36556,5161,41717
62565,68677,131242
14406,52269,66675
74189,28198,102387
29750,96003,125753
17207,61052,78259
74500,65860,140360
11653,29845,41498
76326,91705,168031
54756,57280,112036
5484,84100,89584
9190,42327,51517
86088,30797,116885
13865,71655,85520
23573,62674,86247
64347,42536,106883
44965,25094,70059
11426,69447,80873
65391,6008,71399
88238,29568,117806
32687,85908,118595
82652,70982,153634
26336,62733,89069
50588,17670,68258
81960,78171,160131
71072,16154,87226
49483,27906,77389
1421,48590,50011
84711,52584,137295
13145,49463,62608
55000,9201,64201
96949,20434,117383
22008,44559,66567
60785,86958,147743
19127,16960,36087
76768,25522,102290
70564,16904,87468
72022,7640,79662
28744,49483,78227
92139,31323,123462
82954,67111,150065
80832,92079,172911
10100,66867,76967
14925,75298,90223
12542,98482,111024
13222,52072,65294
57318,74564,131882
9908,81094,91002
93827,49848,143675
10910,36469,47379
10723,4765,15488
25580,65237,90817
90343,44270,134613
97132,15733,112865
31699,69335,101034
45545,54631,100176
15293,29707,45000
4773,30582,35355
63928,64815,128743
54153,34118,88271
56257,52571,108828
39145,3129,42274
42524,37408,79932
78166,79938,158104
15511,99075,114586
57433,43714,101147
86171,15643,101814
26586,87479,114065
76361,74347,150708
52959,3956,56915
68071,16067,84138
65175,50193,115368
6446,5628,12074
75653,34640,110293
71023,5229,76252
14295,52449,66744
14432,91521,105953
42120,5434,47554
37581,28311,65892
44546,23633,68179
15325,45520,60845
54106,5500,59606
81847,98810,180657
1559,55006,56565
2951,59298,62249
15080,89726,104806
61988,88729,150717
56372,83420,139792
64024,66716,130740
31870,35643,67513
44851,33074,77925
66130,4187,70317
73931,45525,119456
9545,64024,73569
68675,62219,130894
40115,75937,116052
12770,24519,37289
90361,24715,115076
61344,10013,71357
82043,81349,163392
76786,7058,83844
86987,48340,135327
29591,74760,104351
93027,86392,179419
99297,70772,170069
72731,10583,83314
93935,98309,192244
77322,57444,134766
4391,83512,87903
1332,49118,50450
54963,52617,107580
37713,65452,103165
74383,49443,123826
43054,94071,137125
54208,37363,91571
31358,50849,82207
48802,67158,115960
26727,99602,126329
74748,29616,104364
8856,78192,87048
16303,75720,92023
3591,27548,31139
6684,30541,37225
13036,35909,48945
61142,11652,72794
46751,15796,62547
99210,47391,146601
88222,22474,110696
44306,17210,61516
66333,44950,111283
9781,57003,66784
31465,30126,61591
21437,53281,74718
13905,32206,46111
50347,48992,99339
6575,67441,74016
91880,64528,156408
35552,86535,122087
51077,88262,139339
5611,49944,55555
42758,52778,95536
12536,39249,51785
72575,64034,136609
74895,37224,112119
74239,1599,75838
43531,18359,61890
41580,63542,105122
1286,73277,74563
79758,11094,90852
52895,32411,85306
98882,493,99375
21428,13135,34563
16776,2882,19658
78019,30586,108605
73765,72240,146005
42023,11111,53134
11617,20894,32511
70832,22091,92923
89387,75513,164900
43974,23372,67346
32931,63943,96874
31652,26951,58603
83073,85926,168999
82185,91918,174103
48194,93004,141198
93754,6660,100414
45289,83388,128677
10215,14487,24702
24365,74955,99320
55330,67354,122684
20613,31105,51718
98717,69528,168245
42496,41341,83837
3834,81465,85299
27806,76167,103973
47702,11273,58975
56296,34224,90520
25402,44061,69463
2119,87734,89853
36523,83032,119555
71039,22554,93593
68611,26560,95171
51131,4878,56009
74579,2515,77094
15604,48022,63626
85153,84896,170049
87055,36780,123835
45718,95504,141222
81775,43113,124888
40778,7029,47807
81846,72960,154806
19984,28017,48001
6170,80594,86764
75116,17294,92410
97522,26399,123921
9294,22820,32114
99259,95169,194428
56937,10830,67767
434,91054,91488
15685,82759,98444
35553,42610,78163
31407,24824,56231
45273,47545,92818
62586,49360,111946
91302,88232,179534
52152,64574,116726
39065,3405,42470
80644,19112,99756
39100,3975,43075
23966,10278,34244
27066,40631,67697
68836,38672,107508
15138,30225,45363
93699,46246,139945
32737,69253,101990
89755,54214,143969
22084,21852,43936
16549,96625,113174
26411,61195,87606
74929,66523,141452
96369,24774,121143
10705,57679,68384
33913,54219,88132
44487,86614,131101
54707,66149,120856
31609,90298,121907
96203,72372,168575
70167,58730,128897
88566,30201,118767
9069,65593,74662
74908,55681,130589
4808,2332,7140
58295,84103,142398
3439,35319,38758
36986,84001,120987
85981,39864,125845
72018,89898,161916
37555,1514,39069
75349,74005,149354
47410,1428,48838
88006,90993,178999
78336,55362,133698
89778,72279,162057
99465,92895,192360
34344,56140,90484
54564,74238,128802
84783,70093,154876
61594,85015,146609
87664,95722,183386
76295,6734,83029
61109,4719,65828
52461,88440,140901
71796,23351,95147
83933,51450,135383
81346,63600,144946
99393,80555,179948
15229,33681,48910
58034,86069,144103
46095,26670,72765
61195,53906,115101
19060,39481,58541
19996,73171,93167
61144,78959,140103
15721,1449,17170
48526,79613,128139
82599,5970,88569
45304,15447,60751
6009,79211,85220
27270,60497,87767
63911,76126,140037
72791,55113,127904
5052,45075,50127
30252,83135,113387
84153,50263,134416
28951,26322,55273
12483,23179,35662
8027,710,8737
84124,99299,183423
3442,22093,25535
72526,63431,135957
96099,92847,188946
62611,17156,79767
5450,74879,80329
93035,62306,155341
34172,96997,131169
59199,13318,72517
95941,61049,156990
66674,91395,158069
44493,99713,144206
46806,55668,102474
55815,1917,57732
53435,43250,96685
36333,55049,91382
21203,58803,80006
6980,30070,37050
54016,56082,110098
85978,17042,103020
65641,26951,92592
76176,79682,155858
62435,5282,67717
51180,43162,94342
88555,91497,180052
42639,74855,117494
75358,60490,135848
61698,9205,70903
40534,29917,70451
29593,56780,86373
16660,40444,57104
5884,51006,56890
74867,35301,110168
12884,92614,105498
58077,7785,65862
81670,31213,112883
73968,52399,126367
27177,90327,117504
22262,71940,94202
61714,94536,156250
39562,71555,111117
51810,88961,140771
18808,55073,73881
2170,96474,98644
80805,15434,96239
36941,74671,111612
7210,14735,21945
84046,64949,148995
99331,13325,112656
85180,13859,99039
95781,3959,99740
20705,20782,41487
4922,89211,94133
76226,65165,141391
84239,69630,153869
38369,28311,66680
11480,97968,109448
12051,65524,77575
56119,9436,65555
19963,3230,23193
73928,31506,105434
69627,56682,126309
93470,66088,159558
506,21612,22118
57598,99720,157318
24808,47338,72146
97052,40036,137088
32966,4082,37048
1786,56666,58452
89190,8133,97323
72752,66230,138982
86677,63410,150087
83412,96667,180079
83721,4627,88348
35136,31660,66796
2229,72633,74862
29857,5349,35206
6614,21933,28547
72408,2526,74934
90174,95310,185484
44470,61697,106167
10333,38719,49052
56482,69684,126166
82107,99229,181336
72220,28237,100457
40387,43524,83911
96680,32471,129151
94085,29183,123268
19095,1331,20426
69810,3383,73193
34385,7553,41938
59627,78992,138619
61078,64765,125843
80184,10426,90610
22853,59611,82464
82871,27518,110389
76646,91910,168556
40239,35450,75689
21231,26711,47942
60160,56929,117089
65367,89268,154635
64934,33024,97958
6194,62889,69083
31756,37119,68875
89778,15860,105638
33928,52076,86004
17350,9697,27047
5907,37015,42922
66306,43063,109369
8759,42781,51540
25320,6568,31888
86117,40221,126338
65823,17140,82963
60645,10405,71050
35631,51233,86864
15251,18680,33931
30275,15989,46264
49794,43554,93348
43971,36987,80958
78832,42484,121316
61379,33228,94607
69210,46746,115956
48953,63880,112833
43582,62465,106047
21679,28000,49679
95265,51875,147140
15777,43574,59351
61335,64834,126169
45689,10582,56271
47058,80052,127110
11279,37250,48529
52389,85281,137670
33983,35343,69326
85019,83869,168888
65085,69593,134678
85480,65860,151340
31973,82628,114601
96441,37589,134030
43642,30304,73946
26349,50844,77193
95773,2447,98220
52002,44553,96555
83197,60302,143499
93113,40940,134053
46124,50199,96323
22945,12971,35916
11416,58957,70373
35314,5433,40747
35641,26664,62305
59950,86396,146346
30770,16796,47566
89663,44521,134184
20729,10452,31181
14939,41696,56635
77614,17537,95151
98631,75585,174216
67352,46060,113412
83232,59602,142834
6913,77524,84437
55738,34912,90650
51701,90397,142098
73449,82926,156375
41642,6676,48318
85501,44990,130491
34582,97482,132064
71031,4437,75468
36913,77830,114743
55278,88525,143803
97171,76854,174025
5044,5548,10592
20187,79602,99789
86166,77209,163375
10606,33396,44002
58014,28896,86910
33791,45320,79111
97582,60255,157837
54710,18125,72835
97616,61428,159044
79299,30220,109519
39807,44759,84566
47455,27683,75138
31178,73620,104798
91042,32013,123055
89636,28921,118557
6126,17409,23535
65865,18889,84754
36110,16105,52215
1837,3499,5336
75949,84848,160797
40843,75151,115994
36905,8960,45865
84469,66824,151293
65346,57480,122826
8000,1995,9995
64762,73215,137977
96812,59912,156724
40101,24024,64125
5894,64860,70754
53164,41330,94494
94556,25577,120133
68433,69274,137707
17528,79205,96733
7502,89522,97024
29801,94418,124219
11006,78860,89866
32258,94686,126944
37032,14977,52009
96099,59642,155741
63730,27224,90954
32732,46749,79481
84001,59154,143155
87060,16176,103236
86558,7730,94288
40683,23748,64431
13101,11470,24571
24808,96653,121461
91795,77851,169646
57973,68262,126235
32766,75104,107870
93387,94571,187958
57789,81724,139513
19321,59585,78906
77960,14878,92838
48860,4149,53009
58509,32488,90997
61453,81391,142844
48839,27052,75891
72774,49926,122700
68157,83394,151551
79217,44226,123443
67025,46912,113937
58462,8156,66618
12525,46253,58778
92554,46397,138951
51137,18173,69310
94449,83883,178332
54640,90610,145250
29831,20589,50420
79379,95929,175308
7256,41846,49102
85170,39655,124825
55253,94483,149736
78757,71001,149758
15770,31847,47617
20752,64315,85067
86689,99195,185884
21596,75145,96741
95116,93745,188861
21836,56731,78567
23521,82690,106211
68979,57742,126721
15926,51243,67169
40252,34303,74555
42284,10668,52952
22088,32405,54493
57639,45680,103319
96661,34746,131407
65629,79389,145018
55367,57239,112606
98189,83313,181502
77492,65505,142997
79776,24212,103988
91338,21992,113330
18546,15178,33724
4482,83927,88409
97947,61884,159831
63410,13749,77159
65427,41744,107171
15292,99446,114738
35916,55005,90921
98863,57821,156684
5880,87233,93113
86510,55449,141959
14996,67404,82400
43545,67257,110802
95978,56060,152038
78999,61424,140423
92555,70784,163339
79535,8671,88206
9155,61800,70955
30187,5087,35274
97145,68411,165556
3594,1513,5107
95586,26515,122101
70602,47728,118330
69541,16912,86453
40439,77588,118027
18189,8485,26674
74180,7605,81785
68955,53094,122049
3968,35566,39534
29636,72715,102351
66724,54677,121401
55601,54397,109998
39225,99907,139132
94147,58075,152222
99479,32469,131948
87332,18162,105494
78816,12268,91084
63775,87361,151136
94306,22232,116538
96121,85035,181156
43480,41069,84549
18716,91091,109807
54282,69021,123303
2966,97619,100585
87111,30548,117659
3060,15619,18679
88101,93775,181876
42450,26608,69058
49911,86764,136675
95721,32164,127885
14255,30553,44808
8940,63233,72173
28859,95296,124155
55685,28875,84560
84422,44403,128825
43732,9731,53463
74869,34854,109723
71825,77856,149681
73992,23271,97263
80634,23519,104153
31718,86397,118115
80365,17627,97992
23795,29949,53744
66453,82338,148791
72966,7179,80145
68533,75173,143706
19887,21987,41874
87100,49925,137025
39652,70226,109878
91101,28783,119884
93204,89641,182845
23616,59664,83280
13810,51778,65588
62099,98455,160554
25949,17900,43849
66765,8019,74784
8756,46398,55154
3082,29869,32951
77457,29644,107101
49946,15280,65226
59504,52190,111694
23094,71240,94334
21069,44681,65750
26744,6381,33125
84607,49206,133813
36802,27494,64296
89986,24693,114679
2936,21255,24191
37920,70655,108575
84282,18922,103204
80636,74765,155401
66482,73958,140440
32656,92785,125441
55882,19680,75562
35357,98845,134202
60555,53310,113865
42823,31602,74425
61085,85877,146962
49012,55163,104175
46650,4277,50927
40701,42886,83587
45891,99806,145697
80334,9304,89638
51462,86271,137733
96224,71436,167660
32749,5732,38481
52385,18987,71372
40402,84098,124500
47798,29763,77561
42704,98136,140840
52245,43094,95339
32538,38428,70966
5781,97099,102880
29168,74480,103648
71505,48043,119548
16200,52795,68995
77119,41086,118205
85109,87562,172671
12187,30362,42549
59371,22816,82187
25656,26838,52494
32191,1897,34088
32557,39544,72101
39121,10341,49462
66088,48302,114390
88167,32806,120973
5188,32336,37524
27291,67529,94820
33563,19670,53233
47927,89577,137504
74347,86254,160601
71795,53762,125557
11004,87283,98287
65346,65447,130793
38373,36122,74495
19706,30924,50630
65694,28799,94493
33397,47172,80569
84931,89943,174874
88693,83276,171969
73472,71202,144674
84122,5033,89155
69691,76772,146463
15386,50514,65900
59864,78669,138533
29274,48183,77457
56606,29344,85950
3873,9902,13775
14200,1570,15770
2555,92683,95238
53942,58733,112675
87151,68833,155984
12585,14446,27031
68073,96870,164943
73398,25183,98581
26177,73925,100102
90119,11019,101138
82938,37642,120580
23978,98461,122439
49960,57395,107355
45039,35921,80960
95022,31427,126449
13221,18417,31638
28611,97998,126609
53856,91980,145836
42897,31979,74876
36067,89643,125710
96604,9188,105792
82409,53117,135526
83304,26544,109848
25402,28594,53996
74571,58129,132700
37248,92693,129941
57528,30334,87862
41029,19305,60334
24519,78851,103370
1276,50489,51765
95183,95415,190598
27169,90611,117780
6267,49544,55811
10854,5719,16573
75865,26613,102478
61978,21753,83731
56248,7564,63812
66116,2699,68815
37136,24159,61295
61348,79012,140360
76108,51375,127483
85699,15068,100767
51198,13100,64298
72825,38826,111651
122,17074,17196
63407,39394,102801
12743,87813,100556
69691,81841,151532
14199,51539,65738
38214,18801,57015
29402,63652,93054
54615,51212,105827
84349,6675,91024
11373,84853,96226
30673,92502,123175
17255,61685,78940
30277,9158,39435
95701,23823,119524
97468,83772,181240
56827,36488,93315
54274,33723,87997
38436,81904,120340
12478,82843,95321
8992,17757,26749
71996,79355,151351
49971,32644,82615
82528,35788,118316
32411,94808,127219
38186,68103,106289
83537,6780,90317
63996,6593,70589
43997,5409,49406
72016,95951,167967
42115,909,43024
16634,48141,64775
64851,82443,147294
50165,50009,100174
66707,59622,126329
85360,68648,154008
87664,71139,158803
94134,90249,184383
51835,63485,115320
90019,74252,164271
63762,9096,72858
26576,86615,113191
81490,9075,90565
28721,15368,44089
80671,25878,106549
65943,79453,145396
12915,37886,50801
85538,88025,173563
72221,66781,139002
75893,75196,151089
64911,42725,107636
84832,91031,175863
91857,88543,180400
63215,31307,94522
56787,51793,108580
28753,8856,37609
68116,67428,135544
31764,22840,54604
18919,43437,62356
19123,87942,107065
69656,15922,85578
45534,58563,104097
98411,26076,124487
12812,62551,75363
43260,74732,117992
13147,78044,91191
1550,20072,21622
71511,3544,75055
65426,78330,143756
16054,84553,100607
78089,66183,144272
68559,40009,108568
82055,77184,159239
2745,73164,75909
81133,39451,120584
66298,14996,81294
87875,19261,107136
62258,56680,118938
69081,69049,138130
81951,92669,174620
37857,83306,121163
2243,32070,34313
17139,53581,70720
30786,17609,48395
41353,71320,112673
48265,55637,103902
59049,43276,102325
32088,8915,41003
21455,66421,87876
66850,49354,116204
49853,29884,79737
19877,78259,98136
61123,30189,91312
70488,18986,89474
84362,74916,159278
37954,38146,76100
53170,57846,111016
63239,14705,77944
96266,20961,117227
71811,64837,136648
16594,51187,67781
78955,6438,85393
87986,15636,103622
11193,47876,59069
91425,17350,108775
59508,11791,71299
70912,92434,163346
13841,69859,83700
44314,72827,117141
78342,94089,172431
83432,39344,122776
1528,78552,80080
98212,92415,190627
42977,68556,111533
62767,10578,73345
43227,39453,82680
83689,79378,163067
34042,93198,127240
26903,98436,125339
28999,78316,107315
46298,80408,126706
97898,85378,183276
59191,1093,60284
60210,50681,110891
32563,56367,88930
50372,68327,118699
20697,38390,59087
53642,969,54611
18639,89153,107792
68342,8226,76568
43548,14606,58154
89029,83261,172290
70394,9090,79484
50718,83566,134284
42494,43916,86410
63585,55039,118624
31837,98553,130390
97891,82553,180444
91094,45100,136194
9999,35942,45941
98808,42575,141383
76009,43010,119019
63860,99118,162978
59334,99044,158378
88139,55050,143189
44061,68843,112904
14173,12750,26923
76240,81411,157651
23146,42347,65493
89788,76817,166605
41085,56760,97845
71452,50769,122221
92032,50060,142092
99903,41770,141673
67084,45695,112779
92192,50626,142818
58618,18215,76833
78685,28718,107403
7405,66696,74101
3409,22594,26003
86418,10107,96525
24428,10254,34682
74513,81746,156259
50324,93211,143535
51246,71764,123010
4042,8430,12472
76695,23367,100062
18561,77908,96469
28961,30929,59890
21970,89722,111692
35847,86206,122053
52682,90517,143199
90652,81488,172140
92990,63181,156171
88968,2770,91738
22206,30861,53067
12603,14868,27471
89046,24602,113648
15869,60037,75906
3908,42194,46102
13439,60769,74208
42912,86595,129507
23014,42192,65206
16741,84206,100947
57947,86646,144593
78614,53692,132306
1116,16625,17741
7592,31901,39493
84477,51790,136267
99680,42462,142142
21791,22512,44303
97937,841,98778
54070,35146,89216
34276,42254,76530
53549,49942,103491
43753,78834,122587
18473,12990,31463
21054,38429,59483
45753,15761,61514
68481,93585,162066
23502,13730,37232
61036,14917,75953
62692,52976,115668
48785,75362,124147
60190,89963,150153
10318,4186,14504
38848,49956,88804
21105,63874,84979
52262,22256,74518
70936,76800,147736
32595,97753,130348
20491,66809,87300
98680,45623,144303
79393,34991,114384
46576,11927,58503
60960,50123,111083
45740,73671,119411
83098,97955,181053
84034,37697,121731
3852,73293,77145
47753,12196,59949
91263,34514,125777
31638,38054,69692
19655,97027,116682
12840,38969,51809
7417,17403,24820
27350,33655,61005
37785,50289,88074
72470,94572,167042
72829,61075,133904
55063,85063,140126
15250,83962,99212
70358,8906,79264
51495,62623,114118
13272,8751,22023
24229,68013,92242
81412,52776,134188
27693,71452,99145
30498,62365,92863
65571,87371,152942
28257,41260,69517
85066,45329,130395
21607,83919,105526
94677,23546,118223
62765,4617,67382
34618,41632,76250
5833,15939,21772
79070,65003,144073
28171,81386,109557
22751,37582,60333
20246,35348,55594
3236,99131,102367
86992,31190,118182
93709,3116,96825
42027,36687,78714
19555,74919,94474
17177,64564,81741
70122,76841,146963
44867,11966,56833
2057,55961,58018
23827,96146,119973
91554,56493,148047
93871,67673,161544
39831,98792,138623
56091,11778,67869
71014,89194,160208
30735,52513,83248
92331,23373,115704
34298,16542,50840
60923,26625,87548
56585,31050,87635
76038,20188,96226
55542,46665,102207
88432,10094,98526
75346,6650,81996
21117,48986,70103
95825,73386,169211
77655,58970,136625
53914,1936,55850
5205,22916,28121
32642,23028,55670
17030,5874,22904
74732,53841,128573
23885,26705,50590
32463,48413,80876
92884,66856,159740
39058,22894,61952
38145,59634,97779
44543,56196,100739
6132,56236,62368
79279,21404,100683
36205,72831,109036
99995,17680,117675
15372,97470,112842
78396,97371,175767
1916,62917,64833
42940,94602,137542
3202,18904,22106
56797,66109,122906
99695,92253,191948
25143,81848,106991
31161,21523,52684
68831,40669,109500
83665,71387,155052
52494,61503,113997
46844,95398,142242
30999,34000,64999
98786,40340,139126
18330,79889,98219
36011,33635,69646
19112,80342,99454
63413,71423,134836
53306,87526,140832
47209,24551,71760
14016,78044,92060
68281,45863,114144
55868,54,55922
46246,53517,99763
72273,49373,121646
89538,37241,126779
37730,27954,65684
79825,6432,86257
38680,12517,51197
3104,7522,10626
21031,85288,106319
55688,4578,60266
64477,49788,114265
11301,13069,24370
92930,24448,117378
28285,12735,41020
36485,72182,108667
60858,55039,115897
66925,16540,83465
64358,37331,101689
48720,40454,89174
87497,85684,173181
5397,62045,67442
62781,39862,102643
10553,49740,60293
86939,25577,112516
93838,61906,155744
8769,8086,16855
20405,88293,108698
15926,28186,44112
66948,84402,151350
28174,44449,72623
60163,96150,156313
21686,47427,69113
24554,8957,33511
87928,97318,185246
16902,48473,65375
23842,22599,46441
106,84280,84386
16235,77528,93763
48280,8604,56884
29787,94603,124390
7021,76266,83287
67313,34646,101959
55094,12926,68020
33234,14117,47351
28323,74076,102399
9498,62020,71518
5820,29450,35270
7539,60044,67583
88968,77826,166794
75500,97520,173020
69953,61379,131332
23451,66952,90403
64786,62324,127110
15889,97103,112992
11160,1348,12508
5381,3632,9013
48119,39236,87355
66345,39143,105488
72717,27029,99746
34453,94147,128600
28837,99083,127920
5895,70513,76408
35096,8754,43850
32594,79887,112481
79728,29126,108854
23543,21643,45186
22549,7329,29878
73835,37376,111211
29437,99845,129282
98502,7215,105717
70994,15526,86520
48986,14089,63075
5874,91383,97257
46104,82289,128393
72168,75740,147908
76493,92481,168974
42828,31793,74621
95860,84988,180848
53309,37059,90368
87438,66249,153687
55025,53950,108975
97937,93291,191228
32573,31323,63896
8991,14258,23249
91847,60560,152407
79314,30014,109328
22642,98052,120694
49606,79420,129026
87497,24672,112169
29158,83063,112221
75023,59707,134730
2848,45902,48750
26275,28403,54678
1998,81505,83503
68586,81389,149975
70483,58019,128502
81223,85914,167137
97192,74021,171213
27968,8500,36468
79052,28903,107955
78615,77735,156350
42198,78133,120331
7590,76109,83699
65928,11525,77453
93105,40460,133565
24137,55504,79641
81359,45643,127002
44936,73867,118803
58772,45447,104219
56131,52821,108952
65605,14738,80343
46315,90309,136624
54056,44018,98074
72144,63993,136137
68874,58167,127041
96092,92638,188730
45916,1267,47183
56275,75883,132158
55187,13376,68563
15561,46975,62536
64413,49999,114412
82704,70450,153154
3448,3486,6934
19575,97972,117547
45141,61141,106282
56246,50980,107226
89203,34995,124198
33416,81874,115290
85452,34308,119760
20003,39398,59401
90384,30153,120537
49806,20359,70165
90282,13777,104059
54436,76896,131332
23478,13915,37393
52196,49498,101694
16582,91399,107981
97118,56283,153401
68361,81160,149521
76633,94528,171161
38201,45273,83474
46352,47273,93625
53588,74389,127977
88536,37014,125550
18879,60933,79812
10814,93632,104446
73504,37908,111412
23476,11509,34985
9622,19434,29056
21822,45351,67173
4225,39101,43326
29295,56201,85496
6280,69721,76001
53722,63974,117696
7118,83899,91017
83921,31727,115648
41459,42195,83654
66099,89874,155973
79774,90408,170182
13208,42696,55904
83429,24962,108391
23458,37246,60704
56378,73262,129640
16438,21455,37893
88744,55938,144682
2137,37272,39409
61912,52795,114707
23801,13722,37523
93243,2457,95700
79280,50192,129472
7942,82154,90096
75881,31761,107642
93833,54838,148671
34452,92080,126532
88290,45829,134119
96619,89789,186408
81170,72350,153520
29962,87931,117893
73077,86402,159479
60085,38037,98122
55219,38613,93832
95963,39644,135607
21933,52688,74621
9478,75726,85204
40927,7188,48115
86050,75979,162029
85022,87212,172234
91716,27939,119655
98411,12572,110983
89605,2809,92414
29530,74890,104420
59129,560,59689
51122,94018,145140
5174,11905,17079
17650,93948,111598
77478,78991,156469
73850,93818,167668
64564,5346,69910
46413,33615,80028
18312,68952,87264
79585,17777,97362
44835,66503,111338
66079,14781,80860
63938,23568,87506
48156,90499,138655
83839,27967,111806
25309,73462,98771
25947,88695,114642
34670,73676,108346
48544,35552,84096
36075,12893,48968
70030,12,70042
85983,23771,109754
38022,96332,134354
91124,34126,125250
63539,54220,117759
95030,26815,121845
86182,29559,115741
38880,85215,124095
28353,67610,95963
24961,29664,54625
54836,14583,69419
26345,41584,67929
38612,91559,130171
6263,2392,8655
83883,19328,103211
60524,72555,133079
63640,12087,75727
23709,82557,106266
97355,84370,181725
53466,88371,141837
67250,22167,89417
90161,38839,129000
40444,64679,105123
36433,1101,37534
16295,7327,23622
52313,25370,77683
8693,49099,57792
32625,74745,107370
65724,74981,140705
43076,99773,142849
70826,37296,108122
54398,13413,67811
61987,86539,148526
36149,62141,98290
37545,89425,126970
89080,73544,162624
99086,46371,145457
30298,49569,79867
30176,7349,37525
27865,78004,105869
34747,57560,92307
10280,23475,33755
90080,71383,161463
39534,98438,137972
21233,45897,67130
1127,70536,71663
90925,53138,144063
28528,12152,40680
1298,93970,95268
10443,45263,55706
9242,3202,12444
24422,37255,61677
85977,49972,135949
99901,35886,135787
38423,86339,124762
14267,4306,18573
59545,64712,124257
40457,50359,90816
4298,32863,37161
19361,87521,106882
35906,63141,99047
5245,16230,21475
81274,17573,98847
15161,4066,19227
14693,5259,19952
69547,17670,87217
64780,2896,67676
92349,24460,116809
6920,2023,8943
76604,21079,97683
74226,12158,86384
31979,9896,41875
2362,56147,58509
82381,30188,112569
47036,43185,90221
42341,70978,113319
24700,51658,76358
93597,65647,159244
61718,63674,125392
14079,50095,64174
42144,66319,108463
83245,23902,107147
6960,92145,99105
25025,12017,37042
10906,79619,90525
8980,566,9546
86102,80791,166893
43013,13199,56212
74914,54675,129589
63121,95824,158945
26119,2650,28769
81524,48532,130056
18156,5351,23507
16945,9486,26431
84309,30339,114648
96947,59233,156180
15430,2401,17831
5463,31020,36483
59011,27211,86222
88391,50362,138753
51186,78581,129767
60038,51419,111457
50846,70986,121832
35558,12915,48473
97506,78913,176419
59771,61603,121374
30976,41481,72457
33684,12764,46448
55902,93446,149348
6880,89313,96193
9472,21507,30979
52959,59717,112676
48739,68015,116754
97795,62135,159930
14554,11656,26210
12903,36018,48921
87130,31817,118947
44761,36734,81495
31212,50159,81371
53518,39751,93269
94402,6319,100721
47476,49259,96735
26345,65684,92029
8674,16234,24908
3755,75315,79070
26954,39000,65954
2291,18558,20849
93640,72476,166116
4966,71144,76110
52321,26445,78766
93741,99878,193619
45084,88795,133879
12306,82768,95074
11538,41581,53119
25926,23389,49315
51654,89568,141222
69525,75020,144545
73174,24044,97218
13647,99960,113607
94351,44783,139134
66715,98908,165623
64424,7051,71475
55868,75882,131750
28836,53297,82133
36231,55815,92046
96024,79384,175408
63837,86282,150119
60433,51620,112053
87149,47897,135046
43807,99771,143578
44390,94807,139197
14784,22249,37033
46277,35538,81815
40769,82088,122857
86303,80208,166511
41354,61618,102972
86984,59906,146890
21858,38133,59991
12492,48367,60859
86632,11300,97932
15377,65590,80967
54552,27834,82386
4973,72778,77751
27779,7950,35729
23491,6408,29899
62913,80239,143152
35082,97205,132287
11667,81198,92865
22434,82274,104708
45170,88840,134010
36076,74598,110674
72444,38725,111169
96852,61242,158094
39193,16298,55491
9339,65539,74878
56454,92500,148954
20181,97904,118085
77404,6978,84382
62581,44260,106841
21598,66648,88246
3650,22599,26249
67442,49884,117326
73507,42777,116284
11117,49812,60929
75583,38177,113760
79498,82306,161804
24861,3366,28227
80701,85166,165867
98662,76403,175065
91554,21832,113386
22009,7838,29847
22816,18206,41022
64080,59659,123739
29363,20596,49959
54998,3891,58889
31400,23645,55045
33934,65870,99804
4764,68520,73284
60855,99773,160628
13052,75725,88777
15428,52222,67650
28057,56517,84574
82346,4510,86856
11393,47377,58770
89271,25091,114362
54280,61501,115781
37567,88699,126266
1761,25054,26815
1375,80461,81836
91636,8686,100322
50966,95268,146234
812,69601,70413
33526,874,34400
62661,48646,111307
16347,92562,108909
78334,75994,154328
12455,47474,59929
45526,71823,117349
17991,21791,39782
78004,30955,108959
89895,80528,170423
28000,63196,91196
86511,4007,90518
4566,61176,65742
78981,39357,118338
33320,32315,65635
78261,20363,98624
68452,12291,80743
14782,95270,110052
12973,4833,17806
81294,3247,84541
75128,1453,76581
18939,33191,52130
72831,89409,162240
30061,4822,34883
61573,76473,138046
70314,92913,163227
46782,72893,119675
30723,57224,87947
86859,86150,173009
75904,58622,134526
98505,95016,193521
73877,19162,93039
28712,65287,93999
50557,85512,136069
27780,26019,53799
88909,28029,116938
62634,96317,158951
76876,22293,99169
25865,26478,52343
14993,78987,93980
38381,22496,60877
4416,2729,7145
15521,54154,69675
30349,89435,119784
34676,73568,108244
34742,94954,129696
82682,17237,99919
38500,73356,111856
60203,30240,90443
70149,23274,93423
81237,93362,174599
61393,58488,119881
99542,49069,148611
44813,6166,50979
40791,30454,71245
62662,59468,122130
81959,87230,169189
19837,5631,25468
29458,98340,127798
46997,61846,108843
39741,80349,120090
32474,78809,111283
58007,35442,93449
85498,24988,110486
18004,65355,83359
65853,25209,91062
71341,33083,104424
1504,84108,85612
65565,38097,103662
82551,70984,153535
95071,23978,119049
59896,46002,105898
40778,8344,49122
7513,83941,91454
51742,73091,124833
36734,48928,85662
41273,77435,118708
13512,81414,94926
80373,25084,105457
33217,77336,110553
36182,50804,86986
64279,7547,71826
2424,22725,25149
29154,56357,85511
63030,46225,109255
13337,16311,29648
32873,97301,130174
69612,44920,114532
30536,26699,57235
19520,31205,50725
6703,3294,9997
90369,61529,151898
64883,2400,67283
45963,1383,47346
31336,25614,56950
23721,49442,73163
20536,44915,65451
66991,48247,115238
79678,446,80124
48568,49581,98149
53068,91198,144266
66526,95185,161711
69220,18756,87976
23425,16471,39896
49782,10725,60507
65809,25703,91512
96046,92729,188775
10918,77421,88339
29299,23303,52602
86309,1226,87535
24737,89251,113988
13957,14112,28069
78294,85161,163455
3749,6454,10203
20397,90740,111137
97378,55828,153206
68821,99803,168624
59943,14820,74763
22878,66349,89227
50204,28835,79039
90245,76038,166283
6777,6118,12895
42162,80060,122222
92860,1799,94659
80480,55714,136194
62906,93928,156834
40360,81201,121561
7432,37299,44731
13013,28090,41103
29807,5550,35357
11836,33986,45822
52029,78908,130937
16265,90380,106645
58969,32858,91827
93325,65307,158632
18198,9648,27846
80637,65901,146538
9236,43641,52877
35160,72426,107586
24654,85849,110503
99794,51962,151756
5537,99734,105271
6792,84961,91753
23499,48289,71788
5928,896,6824
58754,20279,79033
93025,65661,158686
99973,23796,123769
7514,68608,76122
30169,56938,87107
75478,74103,149581
13083,69039,82122
89308,76074,165382
21464,26354,47818
39890,32830,72720
10638,26403,37041
82635,10311,92946
91724,95781,187505
32347,22124,54471
44969,92908,137877
82202,28867,111069
12834,99267,112101
6566,70961,77527
95451,69544,164995
11866,42831,54697
59909,409,60318
24830,88692,113522
52385,81309,133694
64322,59555,123877
46882,24614,71496
93656,23948,117604
5597,77440,83037
61538,51741,113279
84669,99249,183918
42930,2554,45484
67677,51725,119402
20115,91219,111334
26651,17867,44518
95916,32113,128029
29856,13014,42870
53870,24565,78435
56405,33937,90342
71652,96660,168312
34298,65282,99580
46261,83734,129995
94533,36431,130964
67125,2327,69452
68211,24022,92233
69204,44410,113614
55168,251,55419
98822,42398,141220
90434,50492,140926
23972,48034,72006
43878,84841,128719
1796,37415,39211
33621,67091,100712
31289,98024,129313
40101,40569,80670
22720,26481,49201
90988,14458,105446
90852,83250,174102
68718,18020,86738
19864,22112,41976
54531,35976,90507
58996,98817,157813
35629,63370,98999
37351,59479,96830
1582,92570,94152
46971,18388,65359
12473,9934,22407
25976,50998,76974
52569,77212,129781
99372,71907,171279
63092,95369,158461
59379,44802,104181
46641,48479,95120
10989,34364,45353
38650,41980,80630
72736,70799,143535
28913,71895,100808
44862,85980,130842
48456,13468,61924
7215,49691,56906
81349,93408,174757
77127,12565,89692
39556,38196,77752
72658,99623,172281
51291,27255,78546
63776,10651,74427
99819,17118,116937
48234,88725,136959
54063,46314,100377
18614,19036,37650
23946,21095,45041
79968,27846,107814
27464,98658,126122
10718,87444,98162
20633,97870,118503
54047,29303,83350
63421,8108,71529
77489,48122,125611
82933,53339,136272
16437,40703,57140
49894,41324,91218
19152,50409,69561
28341,10894,39235
77566,40433,117999
50089,34067,84156
28029,51283,79312
48497,73799,122296
63330,62731,126061
19872,5611,25483
5565,77285,82850
92523,60197,152720
49514,71569,121083
66471,28501,94972
12895,27877,40772
41492,36779,78271
58390,71262,129652
48762,75591,124353
55362,50116,105478
75170,79921,155091
12855,10376,23231
14362,22738,37100
17474,86229,103703
27771,83576,111347
41021,74863,115884
88878,3579,92457
22276,44882,67158
34838,89284,124122
72544,72612,145156
96527,2932,99459
26468,80056,106524
88771,11403,100174
75539,62392,137931
94448,39034,133482
3988,17920,21908
93752,53166,146918
23519,41710,65229
49358,8009,57367
93517,64081,157598
8164,18162,26326
87182,18000,105182
60616,31632,92248
35816,66793,102609
92042,93991,186033
51622,57618,109240
2548,52077,54625
10765,47423,58188
70858,92269,163127
59301,90535,149836
91564,68674,160238
76018,95671,171689
43719,45813,89532
45725,9389,55114
18829,23434,42263
16691,65230,81921
15969,70885,86854
71814,36880,108694
62432,26542,88974
72413,11607,84020
97209,5482,102691
16365,85880,102245
33209,52805,86014
40780,55670,96450
23701,20537,44238
58421,44647,103068
81712,33297,115009
30910,82250,113160
12450,61637,74087
78142,31380,109522
21331,18394,39725
2726,50931,53657
91807,35886,127693
70350,49988,120338
92100,10850,102950
92222,95773,187995
63657,92998,156655
75254,57197,132451
35899,91350,127249
74821,54155,128976
71633,6906,78539
20226,27297,47523
22250,13345,35595
72834,56567,129401
88689,58876,147565
29173,97040,126213
50390,35820,86210
53920,17807,71727
10313,66573,76886
88447,27774,116221
41328,95621,136949
4266,504,4770
74751,17786,92537
94023,23793,117816
32418,14082,46500
85774,1234,87008
67027,67462,134489
36557,16244,52801
47639,25762,73401
61877,19351,81228
99991,77632,177623
69905,18496,88401
94610,32564,127174
33594,79597,113191
71387,61832,133219
63439,38847,102286
11878,75063,86941
48352,89988,138340
57892,53973,111865
53190,24973,78163
91736,64190,155926
74275,24207,98482
9251,16973,26224
96156,95438,191594
16787,22871,39658
83056,18408,101464
87274,23035,110309
8138,28536,36674
3526,60953,64479
10996,65205,76201
46618,52680,99298
80246,45361,125607
16518,87659,104177
70316,2815,73131
60292,77661,137953
82233,32979,115212
66066,96973,163039
11279,87196,98475
18778,81707,100485
34140,26448,60588
16345,49300,65645
68484,23933,92417
97631,83245,180876
60775,43916,104691
87342,10142,97484
86560,31285,117845
29160,12561,41721
35092,15016,50108
5024,35381,40405
5439,67651,73090
48254,25283,73537
13596,69879,83475
12627,74799,87426
87132,17573,104705
26299,15568,41867
9767,72390,82157
77036,4234,81270
41240,73199,114439
60488,41537,102025
72612,31202,103814
66876,93076,159952
73956,21060,95016
32422,82831,115253
90950,83539,174489
65662,29436,95098
94589,25607,120196
49394,63650,113044
37581,63283,100864
60901,29328,90229
19500,88982,108482
50778,437,51215
14344,73733,88077
93719,19984,113703
7040,62909,69949
99425,87267,186692
30485,75393,105878
46978,73324,120302
26071,91363,117434
58592,36881,95473
22114,1145,23259
20534,26507,47041
10973,25805,36778
27275,61589,88864
63600,15972,79572
95940,97096,193036
44352,50101,94453
62934,34608,97542
19492,13498,32990
58603,51888,110491
8188,67224,75412
14644,95229,109873
41817,19812,61629
1576,63039,64615
96762,79036,175798
83489,96350,179839
80245,1378,81623
82820,48875,131695
58434,92683,151117
44480,51530,96010
21235,44181,65416
72139,57858,129997
65603,52436,118039
108,65782,65890
87619,78171,165790
47589,73058,120647
49509,93779,143288
97694,71798,169492
46793,11143,57936
18513,33807,52320
34354,84943,119297
21886,1934,23820
71372,81343,152715
48290,50729,99019
56942,72546,129488
63332,81192,144524
13708,22443,36151
93605,37937,131542
4932,73613,78545
1721,79088,80809
82053,72692,154745
21802,10940,32742
30857,69756,100613
37416,81409,118825
57735,80094,137829
49292,55389,104681
59134,54441,113575
22068,46663,68731
27829,10406,38235
55141,85101,140242
35450,66410,101860
69526,41591,111117
27742,49026,76768
14890,58415,73305
37977,12534,50511
85739,39693,125432
1121,68398,69519
29852,44271,74123
81019,4450,85469
29824,39662,69486
51898,96305,148203
93623,70649,164272
25681,68947,94628
80884,97046,177930
69533,47994,117527
27060,25313,52373
86098,64400,150498
88915,19472,108387
92651,28447,121098
27526,53568,81094
8585,21609,30194
33329,83803,117132
82120,78416,160536
83499,88350,171849
25056,670,25726
77046,62466,139512
66489,66082,132571
90959,38316,129275
99196,10571,109767
97719,99451,197170
76643,30377,107020
35093,15378,50471
30847,83693,114540
75005,84762,159767
58293,69719,128012
4634,65032,69666
497,72749,73246
68923,4279,73202
76843,31182,108025
29645,49470,79115
70486,20022,90508
13537,17354,30891
70037,45270,115307
19640,71625,91265
49340,7147,56487
40011,13485,53496
13749,33123,46872
38909,22346,61255
13368,97072,110440
14631,29564,44195
74322,19824,94146
77189,33127,110316
63840,49217,113057
57172,62457,119629
97130,21655,118785
48765,98103,146868
71504,64321,135825
31016,99803,130819
45369,39622,84991
95316,97258,192574
22581,49841,72422
56417,50568,106985
66809,27111,93920
10457,53943,64400
1997,93494,95491
98168,25521,123689
75553,15364,90917
71728,22975,94703
60047,8200,68247
53229,79394,132623
15510,39881,55391
55419,73563,128982
33604,75065,108669
7290,78603,85893
73275,60860,134135
36653,8485,45138
8491,73700,82191
12942,1260,14202
74583,29992,104575
52878,1352,54230
98954,52356,151310
41647,56987,98634
58154,19529,77683
68933,72443,141376
26314,65342,91656
13509,62700,76209
93236,37411,130647
55421,44592,100013
58191,22682,80873
20103,95255,115358
13766,30651,44417
26669,41083,67752
55289,91022,146311
28192,15606,43798
12055,33978,46033
63438,21968,85406
43880,60037,103917
36078,74899,110977
66019,8002,74021
33550,39700,73250
28837,33937,62774
76296,53057,129353
98878,74550,173428
40883,45554,86437
13915,52012,65927
25044,19331,44375
20657,35332,55989
41291,84592,125883
22240,41,22281
28474,53337,81811
34035,71136,105171
77415,22327,99742
63892,21499,85391
1109,61182,62291
54755,56180,110935
24095,67525,91620
24806,67959,92765
22078,78376,100454
60502,56915,117417
74466,89399,163865
81227,13654,94881
18030,22622,40652
94321,51733,146054
76351,66780,143131
46076,28152,74228
23940,68523,92463
4287,19559,23846
3752,31822,35574
1052,1741,2793
76693,41184,117877
77316,42167,119483
90061,72328,162389
93540,74882,168422
66913,700,67613
65271,23203,88474
80485,24351,104836
84212,7338,91550
26942,81346,108288
53384,20920,74304
22204,51851,74055
9790,41693,51483
89926,61556,151482
16105,58288,74393
45798,15036,60834
53454,59606,113060
93523,76678,170201
5610,69461,75071
22890,91041,113931
14391,83556,97947
21957,41044,63001
64102,55295,119397
93410,56696,150106
1275,75747,77022
44234,5700,49934
17775,88816,106591
83258,24646,107904
85415,51073,136488
49327,84997,134324
77838,53184,131022
65538,94631,160169
73003,99714,172717
10642,33935,44577
69757,51866,121623
78682,62756,141438
6202,39398,45600
64130,95443,159573
66716,38595,105311
86587,45687,132274
21580,846,22426
6753,90393,97146
95676,17203,112879
74225,30971,105196
15469,74855,90324
11204,42072,53276
59996,62625,122621
16578,4770,21348
41593,35232,76825
36127,92073,128200
46972,28523,75495
46873,61418,108291
19171,56871,76042
41472,81251,122723
37399,46466,83865
68752,15886,84638
27193,63655,90848
30874,28516,59390
748,96961,97709
87494,50467,137961
27086,96912,123998
14803,14677,29480
53757,97918,151675
70272,86476,156748
95571,934,96505
48455,4330,52785
45051,67580,112631
11948,4242,16190
81613,97038,178651
77832,17337,95169
54099,38796,92895
73531,53105,126636
8948,96216,105164
88093,77464,165557
49225,92836,142061
39899,79689,119588
34387,80592,114979
69740,95285,165025
18366,46154,64520
61592,89359,150951
52932,75967,128899
54037,73439,127476
20745,90744,111489
75654,27958,103612
96542,50676,147218
88389,73792,162181
74115,65473,139588
76676,22854,99530
90841,20620,111461
91259,56533,147792
13264,23498,36762
21181,36385,57566
63797,56288,120085
78272,37470,115742
1252,2033,3285
77803,44097,121900
2834,33191,36025
1871,26915,28786
64362,57628,121990
91048,51333,142381
10090,56180,66270
40190,57734,97924
25438,92163,117601
3869,71976,75845
67538,108,67646
53966,7117,61083
90106,4444,94550
26156,15487,41643
26310,38947,65257
72620,50833,123453
92530,60333,152863
16018,98403,114421
74467,15047,89514
77615,33764,111379
19978,4548,24526
28744,50054,78798
83096,49245,132341
20957,74945,95902
80830,46470,127300
27016,34344,61360
46150,93122,139272
64123,67253,131376
53960,37657,91617
25281,96586,121867
62821,18934,81755
36562,91862,128424
18334,59983,78317
91746,68638,160384
5767,1401,7168
66435,15710,82145
31421,41943,73364
10789,70397,81186
9700,83855,93555
37596,81663,119259
56962,24185,81147
95590,79777,175367
84585,29040,113625
33351,74709,108060
24713,21124,45837
82834,86722,169556
80004,95266,175270
67451,94350,161801
29871,86726,116597
29309,83363,112672
29639,37672,67311
18403,17857,36260
17419,12022,29441
60221,8352,68573
49126,79324,128450
42508,26242,68750
27650,83562,111212
10569,24982,35551
63877,62345,126222
14243,62407,76650
1623,69142,70765
50925,9781,60706
81693,52925,134618
66755,63805,130560
63465,58883,122348
57095,13128,70223
27551,82899,110450
28568,75321,103889
69956,61244,131200
63915,74742,138657
68216,48002,116218
95422,46204,141626
13826,94427,108253
80582,25035,105617
41975,63519,105494
63598,11893,75491
25187,39248,64435
97629,51534,149163
28895,69121,98016
36662,37488,74150
68001,29121,97122
84217,37338,121555
39886,45968,85854
44163,29091,73254
30078,7456,37534
14806,16315,31121
46864,17583,64447
67919,40244,108163
48535,34971,83506
30620,40459,71079
75005,34021,109026
42232,40602,82834
74895,31156,106051
73104,31384,104488
29583,50179,79762
60028,1939,61967
18546,58029,76575
4182,76906,81088
3555,82127,85682
27356,10621,37977
17639,62823,80462
62975,16600,79575
34233,97430,131663
90342,69167,159509
57337,21772,79109
92647,37697,130344
11766,22561,34327
41795,29333,71128
38788,67413,106201
83344,7433,90777
48786,51491,100277
43821,40054,83875
43254,54546,97800
33143,70611,103754
90171,59629,149800
95825,97587,193412
48660,36861,85521
89558,40814,130372
77993,62884,140877
27712,32422,60134
46027,41307,87334
80310,52651,132961
14965,95957,110922
60275,29888,90163
43703,49597,93300
89414,88626,178040
19775,35553,55328
84214,10125,94339
44841,69530,114371
82643,23040,105683
27563,53902,81465
22614,41435,64049
10641,62034,72675
10348,3712,14060
61844,58645,120489
66561,57495,124056
40840,25177,66017
15645,39823,55468
59591,969,60560
48006,35936,83942
77,29451,29528
60513,53728,114241
11551,67558,79109
93158,21621,114779
28667,82750,111417
42788,95901,138689
28239,63149,91388
35001,23619,58620
10791,91612,102403
20558,41286,61844
13241,47859,61100
79505,10095,89600
2178,35418,37596
92783,61174,153957
50330,87929,138259
66841,44380,111221
68093,82161,150254
71397,69534,140931
44772,56966,101738
85992,22518,108510
57584,18220,75804
66908,79240,146148
40327,43642,83969
18485,71801,90286
76723,3359,80082
38276,22461,60737
49044,99081,148125
2420,76065,78485
97906,6232,104138
41912,28607,70519
22074,29364,51438
27080,63649,90729
21671,86389,108060
31407,15373,46780
39533,42390,81923
725,3645,4370
46503,70210,116713
67205,87509,154714
71651,30735,102386
33604,40336,73940
37765,30116,67881
47615,17403,65018
54645,46041,100686
59743,35509,95252
37782,16413,54195
99005,65794,164799
11075,33678,44753
82443,4072,86515
37785,74957,112742
38634,40698,79332
81173,60296,141469
53617,48348,101965
92828,31523,124351
49209,65843,115052
72702,48181,120883
44731,81914,126645
95844,90937,186781
13492,22773,36265
16000,7688,23688
50234,61109,111343
3066,38340,41406
61282,89413,150695
93497,92900,186397
38100,99159,137259
96644,13873,110517
68464,66967,135431
26892,69864,96756
21770,21974,43744
40660,69721,110381
8737,28322,37059
43560,93296,136856
97115,77426,174541
19208,77629,96837
96445,1581,98026
21599,7393,28992
13585,92246,105831
71542,42643,114185
84885,99055,183940
64977,17021,81998
18852,15300,34152
57905,40164,98069
28061,24132,52193
73331,8018,81349
15691,55816,71507
86711,31590,118301
46318,62703,109021
9553,11699,21252
67118,58286,125404
21081,30477,51558
29324,8760,38084
22509,91815,114324
47091,10707,57798
26119,54741,80860
43780,30591,74371
93657,46073,139730
37099,30390,67489
24190,87984,112174
91110,95013,186123
19952,24553,44505
22369,60844,83213
54357,46430,100787
58429,37240,95669
81356,68249,149605
71990,48996,120986
11229,24550,35779
73392,68607,141999
2592,69544,72136
57360,11423,68783
89224,83113,172337
38443,24953,63396
15248,9815,25063
76308,56326,132634
39069,23812,62881
8693,27251,35944
38035,74768,112803
74317,20370,94687
49467,56234,105701
35400,5773,41173
57355,5571,62926
57712,46807,104519
93148,74193,167341
42898,37151,80049
46653,93446,140099
84386,93768,178154
19350,42589,61939
9483,79244,88727
73101,29779,102880
16540,32788,49328
49709,9378,59087
54313,54682,108995
44379,78746,123125
35049,16231,51280
62957,74152,137109
3437,16948,20385
89415,83995,173410
84937,55905,140842
49872,58771,108643
27371,52815,80186
32152,15635,47787
84903,75618,160521
92472,80405,172877
83741,26684,110425
8544,55012,63556
91120,79984,171104
80627,68658,149285
73182,8569,81751
55773,41455,97228
93697,35369,129066
30041,64329,94370
37428,94276,131704
89407,25635,115042
85002,33184,118186
68715,35772,104487
62707,54887,117594
88323,62167,150490
98860,72963,171823
49099,97863,146962
51942,51718,103660
95976,74846,170822
11157,3199,14356
30107,62851,92958
48351,18238,66589
89087,40161,129248
76629,78941,155570
23271,89732,113003
99532,45294,144826
41517,38776,80293
32118,82737,114855
94486,92794,187280
49880,4832,54712
14572,93755,108327
35846,2676,38522
26222,22975,49197
66725,65359,132084
42241,66571,108812
93105,3150,96255
89414,10696,100110
23856,40019,63875
90311,73414,163725
24259,22174,46433
4950,80164,85114
50164,79542,129706
31034,18826,49860
27732,94380,122112
51960,62975,114935
71090,97268,168358
95487,30729,126216
64772,85894,150666
16369,80785,97154
60994,98834,159828
38412,39912,78324
53287,51020,104307
73808,28525,102333
14254,98482,112736
19655,18412,38067
39555,28875,68430
93450,63986,157436
4772,69829,74601
72862,62075,134937
69685,16400,86085
96870,80126,176996
53878,81834,135712
48609,31168,79777
59635,17199,76834
25248,51553,76801
43648,61790,105438
27725,21971,49696
19114,69972,89086
52430,73388,125818
45927,79903,125830
37753,28147,65900
11783,18416,30199
72292,9509,81801
55123,19919,75042
35074,43640,78714
51790,13108,64898
47332,16796,64128
63042,20745,83787
23675,90201,113876
12689,74606,87295
91927,2653,94580
67938,21795,89733
39108,86942,126050
47132,60164,107296
4448,10535,14983
67163,93963,161126
94364,80760,175124
67239,47320,114559
42951,12224,55175
19908,10594,30502
2689,57970,60659
27704,73879,101583
73895,46514,120409
45814,14523,60337
52231,78060,130291
24777,23984,48761
15810,97839,113649
70229,20626,90855
24273,58110,82383
72379,32722,105101
40742,49388,90130
12628,26459,39087
75596,83563,159159
87370,83665,171035
27763,46764,74527
48786,34043,82829
98460,23068,121528
79495,16124,95619
51264,2418,53682
32368,71396,103764
17298,92938,110236
56285,55778,112063
52895,59166,112061
26503,77532,104035
38299,61052,99351
11130,27615,38745
25592,55565,81157
98159,20314,118473
51566,72992,124558
44370,69956,114326
65495,38070,103565
26506,96960,123466
51013,26854,77867
6529,50676,57205
90992,29076,120068
12484,31590,44074
91086,11486,102572
20993,49219,70212
99909,74632,174541
77203,37918,115121
39905,32563,72468
65402,92065,157467
71297,8310,79607
92867,44401,137268
63453,87861,151314
11453,31947,43400
87611,19485,107096
55863,82923,138786
93634,96740,190374
74848,71732,146580
42396,48235,90631
4946,42746,47692
40039,85094,125133
7960,59975,67935
56402,55025,111427
96065,10934,106999
68961,40698,109659
70097,43374,113471
88431,39898,128329
44420,58461,102881
27180,90917,118097
65020,82062,147082
56606,69770,126376
52069,77475,129544
78419,8212,86631
79997,45429,125426
9053,61760,70813
75664,23639,99303
27902,30843,58745
33497,44807,78304
73528,51206,124734
24935,14646,39581
40984,25739,66723
72569,94211,166780
73074,21582,94656
33679,51380,85059
20423,26453,46876
64334,70244,134578
38880,58254,97134
92095,90587,182682
23532,32467,55999
61040,34424,95464
36359,53889,90248
52354,87057,139411
98299,2171,100470
6954,84860,91814
10928,34117,45045
24950,35445,60395
70388,65640,136028
58382,87577,145959
5673,64615,70288
72741,85562,158303
5607,83429,89036
93075,59858,152933
20744,61568,82312
22305,77244,99549
49159,45730,94889
58743,48575,107318
49775,50463,100238
87003,10773,97776
86411,21361,107772
22779,89023,111802
75459,66944,142403
65869,69372,135241
67054,89029,156083
58029,83948,141977
92312,1786,94098
52307,31503,83810
13133,90611,103744
99811,73279,173090
14182,6074,20256
87096,94696,181792
88997,14138,103135
40412,49604,90016
1360,49247,50607
60777,45455,106232
77663,21428,99091
23502,24294,47796
16099,66301,82400
43047,83876,126923
93571,59937,153508
75411,7983,83394
37052,86746,123798
52411,5592,58003
41532,72166,113698
19674,16850,36524
51957,26140,78097
81508,69573,151081
96900,87099,183999
61758,18545,80303
22861,13360,36221
23589,96957,120546
5945,58716,64661
56843,84367,141210
37445,6100,43545
66728,6979,73707
41401,67898,109299
55419,40195,95614
84741,86269,171010
84327,980,85307
52814,17981,70795
8508,1507,10015
83724,9370,93094
75192,97411,172603
13772,86775,100547
73439,83311,156750
51267,15106,66373
9301,55872,65173
16180,92898,109078
42330,19589,61919
63316,46722,110038
65148,7751,72899
10380,40205,50585
57342,82920,140262
5820,24687,30507
17714,67734,85448
39163,84815,123978
67859,62208,130067
49256,96261,145517
93728,92898,186626
12510,93895,106405
29788,62488,92276
14518,91890,106408
2258,55245,57503
69383,589,69972
51451,27200,78651
59835,10371,70206
69805,44987,114792
53405,84947,138352
61611,43829,105440
33160,77429,110589
87737,56326,144063
59922,94918,154840
57573,29830,87403
55158,28718,83876
17608,2687,20295
73972,63373,137345
16650,94579,111229
62613,16698,79311
24075,47528,71603
87503,56591,144094
45407,65400,110807
44990,20997,65987
47215,63921,111136
72647,49293,121940
97833,27107,124940
42588,11,42599
97394,86718,184112
12222,1483,13705
32937,18707,51644
19170,30021,49191
21704,82767,104471
58102,35807,93909
40191,9950,50141
40607,88449,129056
84666,85960,170626
24682,89266,113948
60413,99598,160011
94124,68596,162720
18786,18307,37093
71018,39734,110752
31600,96543,128143
89963,40219,130182
60074,42502,102576
78109,97293,175402
93413,70071,163484
59212,91263,150475
8561,69878,78439
71179,8513,79692
88715,65023,153738
89165,43181,132346
60576,16116,76692
59784,78005,137789
30465,47726,78191
54240,47239,101479
48866,37335,86201
10695,45601,56296
35402,80714,116116
73142,8596,81738
75573,44806,120379
63339,3977,67316
62251,90302,152553
20907,95736,116643
52721,66818,119539
25889,29511,55400
96951,46013,142964
80962,96485,177447
96226,18585,114811
23707,36566,60273
91753,77231,168984
64738,15015,79753
47842,41958,89800
11172,12123,23295
87159,34299,121458
18948,84349,103297
36695,89209,125904
29874,54012,83886
12243,23296,35539
98586,82194,180780
96119,48323,144442
29125,44146,73271
46763,8266,55029
44613,60203,104816
14605,59445,74050
49682,78076,127758
95935,30406,126341
3671,95813,99484
3939,1060,4999
17712,78809,96521
17191,89417,106608
73373,38305,111678
80401,96825,177226
82539,85092,167631
91042,246,91288
73360,9395,82755
31066,80467,111533
37791,77667,115458
34160,8137,42297
11279,20904,32183
89485,55252,144737
55324,99263,154587
94113,6366,100479
87716,42236,129952
8675,64686,73361
8492,5924,14416
2695,58785,61480
75901,38368,114269
65789,81696,147485
41353,90657,132010
94994,77857,172851
1714,95506,97220
31375,27751,59126
94110,15528,109638
83684,53567,137251
92172,76562,168734
25485,39743,65228
66740,18560,85300
87464,2329,89793
40379,343,40722
12450,83583,96033
24448,30595,55043
19895,23958,43853
29055,26408,55463
84647,79378,164025
50375,66498,116873
47558,62491,110049
50654,18559,69213
88558,97058,185616
56048,6447,62495
62085,88168,150253
63266,26974,90240
25873,88029,113902
40626,70510,111136
30844,44943,75787
16245,64227,80472
64513,67587,132100
90117,93941,184058
35339,43583,78922
57270,58678,115948
99287,33094,132381
17542,31917,49459
53630,98254,151884
2920,21922,24842
29018,57888,86906
82839,93217,176056
80135,34581,114716
97932,57111,155043
54995,39874,94869
45305,56927,102232
65847,68041,133888
17700,40505,58205
59136,78325,137461
53570,70832,124402
52851,55412,108263
18177,3852,22029
7180,75632,82812
92619,56279,148898
13266,55202,68468
13547,40100,53647
72440,77299,149739
28860,78212,107072
84136,21777,105913
13739,21260,34999
26734,79977,106711
86085,13930,100015
32125,80686,112811
4286,41103,45389
67945,9447,77392
44898,26084,70982
72161,7878,80039
32782,83712,116494
65172,82486,147658
5688,69578,75266
47877,1942,49819
15428,42405,57833
85657,51738,137395
27774,74525,102299
42069,66339,108408
8752,32092,40844
89055,67842,156897
7811,51006,58817
19340,1635,20975
46705,79957,126662
32236,13675,45911
92802,14066,106868
45460,90882,136342
27882,46333,74215
42589,79367,121956
13957,7936,21893
50273,29544,79817
95636,95463,191099
9541,24677,34218
93578,44984,138562
43897,70573,114470
93727,93660,187387
38577,15715,54292
48351,61017,109368
10027,82879,92906
17612,58508,76120
33874,44298,78172
3977,36657,40634
96884,90455,187339
8268,9809,18077
23392,98305,121697
81989,83557,165546
79129,33924,113053
87955,75682,163637
82711,29387,112098
64075,93569,157644
34711,15135,49846
15405,95087,110492
9836,64883,74719
95480,74079,169559
6412,16216,22628
84406,52513,136919
45294,10634,55928
43542,60494,104036
17797,96154,113951
36277,48616,84893
12711,35207,47918
77670,56019,133689
47564,21106,68670
99330,75706,175036
36861,61361,98222
35649,25613,61262
36707,65655,102362
81018,54564,135582
887,47107,47994
28115,71174,99289
67164,55971,123135
13130,83361,96491
48264,13513,61777
80683,85834,166517
39982,13621,53603
32523,35040,67563
95867,93478,189345
80552,84532,165084
47693,21987,69680
99733,87259,186992
79887,45123,125010
8164,60273,68437
68863,38320,107183
60300,97786,158086
83952,92396,176348
80259,61041,141300
37860,48719,86579
21725,99786,121511
39827,61809,101636
82059,7764,89823
62075,90933,153008
26814,53547,80361
79437,49744,129181
2714,30270,32984
87533,43361,130894
79878,64490,144368
77989,10419,88408
38155,98432,136587
48558,47169,95727
96884,82075,178959
33311,24132,57443
48794,53510,102304
20821,44993,65814
69095,99566,168661
85811,63743,149554
34174,99169,133343
58838,83658,142496
24901,38164,63065
65010,76070,141080
40158,47525,87683
66989,88468,155457
85471,11054,96525
22772,61437,84209
44624,76109,120733
27848,56579,84427
89215,34787,124002
38657,48098,86755
9781,6782,16563
89194,99499,188693
13778,77975,91753
60613,42661,103274
27042,12899,39941
36069,86940,123009
76334,21394,97728
86198,89620,175818
32193,71015,103208
50301,15723,66024
54643,1851,56494
48774,17256,66030
45073,95147,140220
37853,44527,82380
77488,12532,90020
48934,11918,60852
36258,29269,65527
13714,15390,29104
43049,81537,124586
74575,15906,90481
7148,4322,11470
92089,21816,113905
28759,29440,58199
3916,12265,16181
57443,75589,133032
8949,66384,75333
14326,97870,112196
5981,87253,93234
36781,395,37176
72217,44568,116785
51516,67243,118759
35121,95824,130945
5903,78509,84412
63826,84433,148259
14661,81052,95713
45326,90736,136062
39905,23388,63293
1660,51089,52749
42437,92671,135108
87524,64137,151661
77228,53373,130601
37113,91159,128272
84996,85669,170665
88411,11567,99978
7467,38487,45954
26147,70767,96914
1029,98959,99988
3840,22118,25958
16757,69638,86395
55747,81,55828
41575,50798,92373
88066,89258,177324
43678,69891,113569
42776,40307,83083
11995,73770,85765
84576,54489,139065
71712,20423,92135
61561,78240,139801
43168,39941,83109
28417,31205,59622
30909,66607,97516
6822,30866,37688
27346,48799,76145
99582,40161,139743
97459,35922,133381
48582,59666,108248
4726,98786,103512
85605,62308,147913
45836,42338,88174
27933,39746,67679
54650,97261,151911
37850,46514,84364
80730,19659,100389
62995,28723,91718
39529,33272,72801
48224,46050,94274
21268,44058,65326
15933,72512,88445
92653,73095,165748
48497,59306,107803
24019,26082,50101
23858,84554,108412
54906,82095,137001
23497,5131,28628
31559,49050,80609
76439,87187,163626
61870,78751,140621
21361,48571,69932
29187,64464,93651
91052,15857,106909
26034,92921,118955
67050,6063,73113
25082,82669,107751
89563,94862,184425
52773,40314,93087
67721,34707,102428
12785,89761,102546
92109,13250,105359
76326,32224,108550
244,62021,62265
64623,16902,81525
96630,51617,148247
69388,1206,70594
58656,27570,86226
81923,17011,98934
35517,58941,94458
78254,90516,168770
89235,78384,167619
294,14658,14952
93342,19121,112463
88815,38259,127074
94179,19735,113914
89258,60442,149700
38480,87929,126409
51139,14133,65272
95011,99795,194806
14503,28173,42676
92947,26422,119369
46157,10937,57094
20324,89933,110257
13698,97563,111261
98563,61710,160273
78370,33818,112188
68183,12095,80278
23982,63433,87415
77199,56292,133491
18835,28368,47203
71841,20675,92516
10825,43968,54793
46182,34510,80692
89007,33925,122932
74594,48906,123500
18611,41389,60000
79289,76857,156146
19966,92315,112281
64592,59340,123932
18272,65372,83644
26327,99382,125709
88521,30111,118632
52616,27778,80394
53169,35982,89151
25376,21268,46644
93892,75232,169124
34420,25023,59443
57743,66627,124370
35580,66859,102439
27935,75865,103800
63407,19954,83361
76675,75573,152248
65001,6614,71615
71046,66856,137902
86190,92472,178662
86833,37935,124768
97631,60024,157655
6751,4122,10873
7991,11463,19454
99125,49371,148496
65295,76567,141862
84330,9126,93456
50802,89373,140175
432,45052,45484
56436,93244,149680
69746,86062,155808
97369,74784,172153
32155,7700,39855
74457,67479,141936
14462,88448,102910
36496,85410,121906
25567,73135,98702
91285,27995,119280
51878,95609,147487
71513,74661,146174
16255,61234,77489
53246,7410,60656
32996,77609,110605
71595,60169,131764
69164,37128,106292
28894,65426,94320
15639,99283,114922
32788,92360,125148
79661,19102,98763
18922,10324,29246
98875,4676,103551
30555,13632,44187
315,19515,19830
26138,19423,45561
8998,29832,38830
62020,6883,68903
12266,33457,45723
84979,25499,110478
80618,25446,106064
98994,50859,149853
48381,9799,58180
31380,91784,123164
78034,11425,89459
1739,109,1848
61890,8378,70268
15517,68647,84164
28418,43524,71942
41890,67063,108953
23844,19995,43839
64775,10903,75678
30415,85191,115606
69112,81549,150661
51585,15178,66763
70813,59925,130738
78442,99176,177618
15220,62892,78112
29485,25704,55189
28157,79620,107777
56290,60890,117180
31606,59828,91434
45344,12999,58343
53242,462,53704
94621,97813,192434
92213,7252,99465
42062,5015,47077
92203,78875,171078
77743,2290,80033
74557,70434,144991
11442,87629,99071
5140,17295,22435
63456,63168,126624
47555,29439,76994
21380,83921,105301
25421,25055,50476
23698,7928,31626
75292,22770,98062
74745,35194,109939
80349,50826,131175
28835,66265,95100
41071,95466,136537
85546,58043,143589
28302,34774,63076
60612,27585,88197
33260,50461,83721
38447,8355,46802
45459,22849,68308
83692,31139,114831
37422,55431,92853
16550,82325,98875
14994,51957,66951
95068,43011,138079
94958,39949,134907
75730,61213,136943
47005,29562,76567
4360,88067,92427
5362,16856,22218
59744,3850,63594
26131,79407,105538
79395,9538,88933
81327,93197,174524
35588,50987,86575
49094,56523,105617
10609,55565,66174
96954,74631,171585
55503,63519,119022
62468,61543,124011
27409,72210,99619
11356,81223,92579
89048,13577,102625
50911,65764,116675
81351,68503,149854
43760,95549,139309
69024,16265,85289
53980,36567,90547
99974,91355,191329
97313,55627,152940
14957,17241,32198
39556,55702,95258
9776,29008,38784
89435,37,89472
36226,68746,104972
87659,81948,169607
18674,13952,32626
84953,85262,170215
86235,73920,160155
35227,51895,87122
74764,38007,112771
84833,23718,108551
29108,69581,98689
87948,95569,183517
16390,76503,92893
88195,51912,140107
60608,57946,118554
1263,50910,52173
73007,37032,110039
98769,76652,175421
29717,48252,77969
58690,71558,130248
18016,60234,78250
44535,14348,58883
24985,59660,84645
78371,73909,152280
83848,4195,88043
57730,43609,101339
5010,77501,82511
19944,46920,66864
1676,78803,80479
85786,46742,132528
15307,84709,100016
62435,95470,157905
89929,76188,166117
76026,73269,149295
15725,71257,86982
10447,31679,42126
14765,29762,44527
29365,91575,120940
88613,59643,148256
73323,17452,90775
89971,48709,138680
22106,20448,42554
19675,85221,104896
43521,49017,92538
34112,15893,50005
29700,33797,63497
88759,31610,120369
61592,74698,136290
82924,88211,171135
30443,96246,126689
95053,65412,160465
49890,53913,103803
40700,84333,125033
77885,82037,159922
72142,862,73004
27917,3753,31670
74758,64440,139198
35142,66820,101962
19099,72,19171
78946,55709,134655
61150,11341,72491
22973,57574,80547
13162,42652,55814
26458,57876,84334
10328,67104,77432
78982,22130,101112
75092,44551,119643
75711,78245,153956
90879,2251,93130
4053,8015,12068
32661,5989,38650
88553,15872,104425
62861,16860,79721
34338,96907,131245
35734,38254,73988
57536,79652,137188
49464,4585,54049
48993,10955,59948
11284,24683,35967
95963,94429,190392
53102,44082,97184
7733,19646,27379
12169,9376,21545
53660,6663,60323
31468,86783,118251
6281,20946,27227
12822,250,13072
36848,24773,61621
71570,34788,106358
11529,86571,98100
93090,5069,98159
49752,73168,122920
45246,99646,144892
36663,53874,90537
65495,52589,118084
57879,93602,151481
16660,90962,107622
21054,56948,78002
27461,31639,59100
81307,67522,148829
41976,96023,137999
77813,81575,159388
97831,39842,137673
13122,4418,17540
87317,49639,136956
9229,85079,94308
7709,78878,86587
69773,43995,113768
72511,46713,119224
58292,46035,104327
63664,70813,134477
7493,83806,91299
93130,61522,154652
65126,8535,73661
95654,18841,114495
55778,66544,122322
27834,40593,68427
65431,84143,149574
17158,42650,59808
49715,64241,113956
25153,78188,103341
69317,4638,73955
2372,16757,19129
29466,98042,127508
33565,47566,81131
9197,3721,12918
71976,79416,151392
84852,36849,121701
43293,69480,112773
28456,40287,68743
31200,32136,63336
67314,34511,101825
2401,72654,75055
2343,96773,99116
39700,98825,138525
91529,40868,132397
87915,55370,143285
23561,91229,114790
84672,98074,182746
17818,63792,81610
50804,83868,134672
84469,11719,96188
2773,80293,83066
78726,72134,150860
8762,60216,68978
51675,80264,131939
23451,67775,91226
3171,61601,64772
20078,16668,36746
24235,12132,36367
18632,5251,23883
72893,3518,76411
49204,24081,73285
92821,75627,168448
63606,94809,158415
34217,54366,88583
11881,14990,26871
49574,44205,93779
44102,67444,111546
48696,57253,105949
80887,10675,91562
77959,71310,149269
582,96269,96851
8782,11895,20677
88110,7448,95558
93228,88024,181252
7636,51881,59517
77363,97361,174724
59277,63011,122288
16896,77078,93974
50232,90387,140619
27444,35739,63183
56048,59090,115138
33445,80448,113893
12383,2319,14702
66638,80573,147211
884,25076,25960
18100,11557,29657
35264,6250,41514
27379,20057,47436
95499,11227,106726
83964,64339,148303
89249,61450,150699
28477,33685,62162
50097,64328,114425
74831,29453,104284
38678,72733,111411
27835,84687,112522
94616,43889,138505
40191,12334,52525
37850,49819,87669
81573,41171,122744
5708,97664,103372
97217,24592,121809
47569,68073,115642
2688,97074,99762
68926,58618,127544
21401,43297,64698
72772,1808,74580
62135,80945,143080
61005,14207,75212
30939,54630,85569
25226,61232,86458
65558,61180,126738
46838,86551,133389
65725,4409,70134
77682,83359,161041
59295,96430,155725
46182,66716,112898
79770,17660,97430
3217,97191,100408
89403,13715,103118
69791,24020,93811
70773,47277,118050
97579,57484,155063
20213,1770,21983
20140,58613,78753
58231,50284,108515
96448,27946,124394
71356,49644,121000
54766,21151,75917
74520,81856,156376
21843,75147,96990
23673,50421,74094
57948,21553,79501
84292,36192,120484
63806,85551,149357
97017,76762,173779
68798,78780,147578
34663,85513,120176
410,62079,62489
55688,39512,95200
27413,87480,114893
76341,27330,103671
96267,68489,164756
73410,45494,118904
76459,89796,166255
43500,53852,97352
68110,60672,128782
85945,28626,114571
69772,87933,157705
80736,94720,175456
47421,15014,62435
16738,55922,72660
96260,40688,136948
51461,16715,68176
26313,6885,33198
18180,68117,86297
16229,69889,86118
43818,47843,91661
9576,86010,95586
80167,78579,158746
32607,83126,115733
52892,99856,152748
1283,73820,75103
63815,84754,148569
13595,71902,85497
68887,60631,129518
27903,46656,74559
75411,38944,114355
55071,46628,101699
52135,5539,57674
96810,87120,183930
7814,90870,98684
352,68999,69351
8338,61892,70230
13404,91163,104567
38216,49940,88156
9162,96940,106102
32505,32220,64725
38465,26115,64580
27520,74005,101525
63526,55827,119353
41551,47524,89075
11028,92367,103395
85323,11351,96674
77330,81872,159202
43025,81688,124713
84535,4352,88887
88274,93242,181516
23086,97143,120229
26806,86065,112871
20312,62206,82518
86832,1707,88539
76990,10586,87576
47948,38887,86835
58935,35628,94563
58718,87374,146092
42744,12126,54870
25366,93854,119220
31227,180,31407
35030,20667,55697
31206,20615,51821
59395,59662,119057
74533,77549,152082
16185,72040,88225
4378,35486,39864
36697,4909,41606
88786,45874,134660
13524,84106,97630
92551,22755,115306
22119,57474,79593
55640,91827,147467
42873,14502,57375
92857,25751,118608
81108,43924,125032
18921,82663,101584
64493,58925,123418
42243,98240,140483
76308,60630,136938
8485,30442,38927
75183,6308,81491
91566,65630,157196
17592,4250,21842
84621,97523,182144
33770,29689,63459
41650,99997,141647
37703,94704,132407
74451,3801,78252
76627,3165,79792
74525,54491,129016
33757,5403,39160
11214,10779,21993
92186,37870,130056
53133,30617,83750
25574,89305,114879
5874,33369,39243
59677,39264,98941
30444,21540,51984
12863,36615,49478
50787,93291,144078
5617,80723,86340
50331,76797,127128
16420,4463,20883
69007,99067,168074
13142,51897,65039
94726,1118,95844
87807,64789,152596
32700,52218,84918
34747,97646,132393
13597,9254,22851
91781,7425,99206
77211,46557,123768
37642,21722,59364
32968,78645,111613
16447,37412,53859
36662,57076,93738
39603,35588,75191
90892,14950,105842
24469,37117,61586
96672,77518,174190
22086,13826,35912
27987,91572,119559
23878,84134,108012
97881,88703,186584
61871,34347,96218
39450,1261,40711
9768,79491,89259
59159,13643,72802
77269,40226,117495
77554,21103,98657
24434,58633,83067
38118,66484,104602
97627,22631,120258
15921,82517,98438
56467,76957,133424
96145,96245,192390
42912,46373,89285
43399,88103,131502
86584,3441,90025
23344,71836,95180
45549,68955,114504
34369,1948,36317
5643,91097,96740
85084,74565,159649
20952,38788,59740
1559,89435,90994
96753,2446,99199
69329,10264,79593
90274,23179,113453
31270,52007,83277
23539,51117,74656
73385,23067,96452
634,34957,35591
81177,764,81941
8508,69176,77684
69548,53007,122555
10026,48500,58526
13290,67334,80624
22268,47878,70146
59703,81775,141478
1699,5077,6776
76149,7939,84088
71079,77075,148154
7929,72716,80645
96848,4080,100928
13869,52159,66028
49786,88059,137845
43302,54488,97790
64040,19311,83351
56415,95951,152366
51247,66688,117935
19652,1599,21251
40090,80459,120549
19506,26772,46278
16637,61157,77794
70222,8610,78832
4645,3474,8119
70436,39960,110396
19844,91323,111167
2096,10172,12268
82813,40729,123542
7701,74721,82422
52529,37147,89676
81229,55484,136713
40008,31813,71821
58812,19569,78381
78481,12278,90759
40584,30247,70831
40392,48738,89130
71416,44125,115541
67029,73614,140643
3095,63259,66354
10852,57610,68462
14724,53410,68134
47977,42906,90883
26298,72615,98913
12755,70760,83515
63196,93644,156840
77419,20977,98396
90691,51405,142096
23547,10023,33570
20966,19219,40185
13336,34947,48283
27609,31069,58678
49057,61439,110496
47276,42988,90264
95835,83211,179046
49211,30683,79894
93236,32992,126228
96150,4602,100752
12084,60458,72542
89856,73786,163642
97096,15960,113056
25218,54279,79497
70137,45431,115568
12076,81867,93943
63265,74129,137394
73143,75015,148158
92325,46267,138592
37307,19919,57226
842,52538,53380
25279,99019,124298
94284,3729,98013
58041,83168,141209
68436,4457,72893
49493,47220,96713
32703,10504,43207
95044,84771,179815
93596,88204,181800
50309,70778,121087
20806,41682,62488
58592,64253,122845
44114,61395,105509
69402,69119,138521
63135,12415,75550
53357,68919,122276
14965,94193,109158
43246,73874,117120
18700,1517,20217
84619,43592,128211
89432,86009,175441
34447,6276,40723
99813,12225,112038
74326,24823,99149
52685,92149,144834
39547,23747,63294
1302,49632,50934
4087,32821,36908
15398,95021,110419
30140,78113,108253
71167,19098,90265
60318,33460,93778
28635,42470,71105
31010,71407,102417
80882,93317,174199
31126,36136,67262
67364,44641,112005
2999,29228,32227
65977,71160,137137
90450,14578,105028
30854,3028,33882
77449,46685,124134
39081,7655,46736
29034,93457,122491
49408,60158,109566
94458,58952,153410
37167,26485,63652
48079,77880,125959
54910,61564,116474
65428,48136,113564
12230,62367,74597
83998,72274,156272
93877,6423,100300
77886,27469,105355
50843,72136,122979
52732,73184,125916
30482,50621,81103
21260,79051,100311
2607,47212,49819
25297,94631,119928
22945,10752,33697
628,67772,68400
67535,39183,106718
8707,72930,81637
1513,2129,3642
14992,67241,82233
92802,65097,157899
80197,21923,102120
46675,76195,122870
92639,19810,112449
67203,86564,153767
4057,92693,96750
80022,51810,131832
81801,37284,119085
7448,27404,34852
78946,79610,158556
54100,84723,138823
92081,85086,177167
78706,82167,160873
49396,28502,77898
76856,20289,97145
94221,91859,186080
56500,99412,155912
36517,70912,107429
74922,78842,153764
60770,21396,82166
91772,80602,172374
45005,29355,74360
86185,19805,105990
20984,8637,29621
41271,58572,99843
76804,83646,160450
13917,46396,60313
51686,41045,92731
85782,68819,154601
93400,69359,162759
57289,96365,153654
35991,7535,43526
47473,97241,144714
95093,92367,187460
69086,30350,99436
54406,35053,89459
67405,19348,86753
29378,77363,106741
13739,14898,28637
15071,93936,109007
72078,68971,141049
52750,83301,136051
51551,79456,131007
98070,84074,182144
87793,24327,112120
79287,83769,163056
65061,93184,158245
44895,63764,108659
46200,9359,55559
86163,97946,184109
71193,43292,114485
59131,86621,145752
34367,46010,80377
85468,22503,107971
82938,16340,99278
14143,90551,104694
23604,49845,73449
56707,51450,108157
85429,38470,123899
89267,52162,141429
25641,53012,78653
5450,26073,31523
61640,2924,64564
31346,34375,65721
9447,72512,81959
23409,90171,113580
22205,69311,91516
76223,41694,117917
9666,61536,71202
98190,30137,128327
58520,54454,112974
56654,39006,95660
40550,44613,85163
21577,35294,56871
7939,61538,69477
27167,94127,121294
24176,85834,110010
45755,59790,105545
75762,26531,102293
99713,31958,131671
9080,61419,70499
68308,86971,155279
54655,81378,136033
32286,78845,111131
8600,90897,99497
70387,59743,130130
99308,93506,192814
57712,22291,80003
6192,45603,51795
67956,65651,133607
3489,75421,78910
42782,21994,64776
43714,28632,72346
33565,78870,112435
84195,20352,104547
7918,34427,42345
84236,93707,177943
55146,64641,119787
32621,33297,65918
78535,29934,108469
68660,82876,151536
50932,82857,133789
31867,85127,116994
51231,58729,109960
28922,5405,34327
5117,84723,89840
73638,56635,130273
97175,4231,101406
39080,18216,57296
22659,69296,91955
34074,1462,35536
47177,68055,115232
42465,12723,55188
45519,90792,136311
38417,2915,41332
37280,38148,75428
78770,5200,83970
64593,95932,160525
35718,8631,44349
99589,70528,170117
11524,54556,66080
6115,84037,90152
1256,51066,52322
60646,14806,75452
39176,59625,98801
5425,14192,19617
91551,81730,173281
7325,53783,61108
54188,43356,97544
97627,88654,186281
94170,84811,178981
49263,30732,79995
93327,17721,111048
7228,27432,34660
72731,81884,154615
19320,97778,117098
39177,43096,82273
86032,55801,141833
93934,15382,109316
6439,36681,43120
45583,77257,122840
32291,95263,127554
83628,47353,130981
43931,8016,51947
77992,25301,103293
29024,15407,44431
55013,92080,147093
26766,28367,55133
18097,63593,81690
93111,55363,148474
96144,74791,170935
57472,18794,76266
38944,35484,74428
81737,66581,148318
86144,47214,133358
84323,44877,129200
90238,23543,113781
62973,97274,160247
27948,1309,29257
54796,73764,128560
15672,50791,66463
92255,28181,120436
71774,43842,115616
8404,40244,48648
25292,98413,123705
84816,71145,155961
82132,55863,137995
76535,31714,108249
18868,80213,99081
98599,32776,131375
57801,10935,68736
94058,2743,96801
22798,12943,35741
3029,84731,87760
91821,57059,148880
58575,63457,122032
92262,34570,126832
57634,96566,154200
9718,72344,82062
3830,92843,96673
24213,78320,102533
74558,65548,140106
21171,20404,41575
76877,85345,162222
48096,81698,129794
15806,83803,99609
60148,60453,120601
4711,36592,41303
5466,6567,12033
57362,48388,105750
31739,12824,44563
16436,34061,50497
48283,62929,111212
11240,45780,57020
82616,36583,119199
85677,82361,168038
95676,69832,165508
98209,98863,197072
87002,65520,152522
88189,17834,106023
48596,28370,76966
20607,15806,36413
76820,21212,98032
20201,33778,53979
27040,50540,77580
69465,68723,138188
90416,15709,106125
29058,88284,117342
4757,71418,76175
63724,47532,111256
36285,44174,80459
48115,10436,58551
94727,65967,160694
1635,59890,61525
61448,25259,86707
29757,46916,76673
51844,46274,98118
49634,75582,125216
48727,41720,90447
6929,17742,24671
52534,33794,86328
20183,32360,52543
55429,76264,131693
68974,89703,158677
17665,42891,60556
97455,70191,167646
38913,83845,122758
19574,78605,98179
55542,10243,65785
16473,19092,35565
36751,10439,47190
44312,66990,111302
9512,84519,94031
1681,23016,24697
21371,6443,27814
73887,19586,93473
38884,31598,70482
9816,48845,58661
50580,35512,86092
30196,58380,88576
2406,30719,33125
65614,83728,149342
91614,37922,129536
58608,13909,72517
28467,61295,89762
48961,26280,75241
64375,14882,79257
25389,87211,112600
24214,67766,91980
81221,60285,141506
83387,21422,104809
70888,44947,115835
48699,49580,98279
9920,59105,69025
33121,24319,57440
78355,78704,157059
36926,49927,86853
28106,21269,49375
98015,68346,166361
53699,36626,90325
72831,64923,137754
84246,14080,98326
54049,98331,152380
92595,87800,180395
66674,27836,94510
85012,22278,107290
67817,4539,72356
33504,26054,59558
99103,6881,105984
93459,76260,169719
66720,41627,108347
10380,34694,45074
69570,9947,79517
70606,11961,82567
94151,13360,107511
83163,30287,113450
53788,35257,89045
17136,2923,20059
27548,48635,76183
53643,72352,125995
47941,33994,81935
29238,5283,34521
17812,39591,57403
12609,18301,30910
28731,12430,41161
51628,71213,122841
31641,71960,103601
11770,13335,25105
95368,28594,123962
3577,97408,100985
80846,74632,155478
77062,20641,97703
24298,91289,115587
16975,64856,81831
83694,87980,171674
41231,7715,48946
5586,49861,55447
72117,3538,75655
43310,48739,92049
15707,54536,70243
31036,47695,78731
98453,8458,106911
50968,88625,139593
32483,7191,39674
5532,19160,24692
18639,96514,115153
60399,67683,128082
96941,31681,128622
75545,72373,147918
41523,57553,99076
80389,86076,166465
39758,91078,130836
8936,46080,55016
7735,90490,98225
89214,29171,118385
62199,3651,65850
51399,76044,127443
57244,37212,94456
41916,47623,89539
57358,77050,134408
48308,23778,72086
61729,63374,125103
29266,95178,124444
82222,52732,134954
92182,25663,117845
45939,58924,104863
96760,65511,162271
4448,95770,100218
52963,34485,87448
40717,86924,127641
31682,18082,49764
59888,38286,98174
69826,69780,139606
53450,37418,90868
55320,29128,84448
81341,81118,162459
91075,38662,129737
70566,12065,82631
87638,5814,93452
13546,3197,16743
55176,46454,101630
62051,33312,95363
71758,54196,125954
12560,79082,91642
5178,61434,66612
65075,11952,77027
69034,18542,87576
40347,8720,49067
30283,85890,116173
7148,43508,50656
38930,98443,137373
91700,13357,105057
55102,59247,114349
76045,98745,174790
77655,25496,103151
52068,69862,121930
82620,41224,123844
38630,85010,123640
32163,92787,124950
63399,58536,121935
22620,67154,89774
78232,68902,147134
14300,80075,94375
79198,19938,99136
60113,86462,146575
2813,54445,57258
15989,43973,59962
44293,83813,128106
45210,81243,126453
87402,89269,176671
64875,84286,149161
58108,89328,147436
3887,23213,27100
34321,54400,88721
4283,78339,82622
48703,58469,107172
38436,45843,84279
37819,7950,45769
93950,40955,134905
15410,76530,91940
25464,29543,55007
53121,30962,84083
28751,64952,93703
93788,58590,152378
21094,19972,41066
4456,39927,44383
76471,19826,96297
90919,82770,173689
36593,55879,92472
13909,20190,34099
56907,64776,121683
75448,50839,126287
94615,42577,137192
2433,95456,97889
99264,2550,101814
21824,66566,88390
73693,17360,91053
3448,75908,79356
35370,32514,67884
5752,73794,79546
80999,61692,142691
34258,43635,77893
10711,69906,80617
85571,95352,180923
50611,6897,57508
90849,39393,130242
3222,57231,60453
92252,28392,120644
94399,77121,171520
70720,42777,113497
55806,30691,86497
1381,42550,43931
34188,84778,118966
38771,11077,49848
20003,30698,50701
35356,95477,130833
33320,44634,77954
70771,97651,168422
25886,13909,39795
34198,98202,132400
80554,82062,162616
86212,36021,122233
62370,55413,117783
73945,5125,79070
32753,15980,48733
54756,8785,63541
3453,36351,39804
28346,42894,71240
98205,73382,171587
680,63368,64048
37087,99716,136803
80776,54057,134833
48353,50986,99339
15765,46691,62456
72827,20051,92878
72398,68788,141186
12372,29598,41970
126,34311,34437
47910,15544,63454
64758,11864,76622
46065,80963,127028
43452,79594,123046
15724,81003,96727
51234,82840,134074
28463,58270,86733
98026,83431,181457
28750,24351,53101
55348,38073,93421
50482,35782,86264
26418,27722,54140
53905,87247,141152
95515,3639,99154
53430,77222,130652
37057,87584,124641
83779,91549,175328
40784,74066,114850
39272,68430,107702
54878,43514,98392
35579,80632,116211
70105,41426,111531
94682,95323,190005
69319,39943,109262
61389,66644,128033
99986,71462,171448
6101,20002,26103
26914,62024,88938
83984,12844,96828
34855,4342,39197
57264,91847,149111
78096,49778,127874
35399,99327,134726
67702,89118,156820
73603,69497,143100
7740,34522,42262
8919,19996,28915
10619,81575,92194
7417,70345,77762
20989,38565,59554
85844,10777,96621
51586,77574,129160
49398,59927,109325
71043,62143,133186
68506,8548,77054
8347,10194,18541
51864,13711,65575
21243,46562,67805
12115,84635,96750
40302,44664,84966
6669,89499,96168
64795,33701,98496
52703,71904,124607
62891,49191,112082
7905,82039,89944
11416,37141,48557
40761,53285,94046
59680,89087,148767
79076,63830,142906
42704,42760,85464
45873,74161,120034
44742,40427,85169
29684,43570,73254
11459,97788,109247
37625,29201,66826
35055,91593,126648
79402,51000,130402
94384,98666,193050
49969,23065,73034
86239,86151,172390
70439,24068,94507
64448,81785,146233
58611,49299,107910
42543,421,42964
15358,6832,22190
22989,89787,112776
89610,62585,152195
82317,68954,151271
90627,44503,135130
92186,13690,105876
28753,54708,83461
55517,36437,91954
86762,12042,98804
54149,63524,117673
10004,10810,20814
4457,23659,28116
22060,36388,58448
83630,73822,157452
83816,96755,180571
23791,25367,49158
65694,10772,76466
62998,39961,102959
83273,52434,135707
13586,42514,56100
95349,25247,120596
93591,26722,120313
44015,32476,76491
15814,36848,52662
91506,14345,105851
41838,7521,49359
4738,45152,49890
52253,48136,100389
92417,12392,104809
72633,60675,133308
46504,98476,144980
89824,48820,138644
53159,51713,104872
92974,23530,116504
99407,14960,114367
63355,55691,119046
59994,12481,72475
28561,93643,122204
58790,6841,65631
99733,59217,158950
11117,58189,69306
13639,62180,75819
92435,79491,171926
55911,26507,82418
89535,91464,180999
47244,61064,108308
18261,40260,58521
29004,89578,118582
46416,61837,108253
61490,31712,93202
63255,66072,129327
41122,51951,93073
35026,7244,42270
4466,15935,20401
52000,91676,143676
92261,5848,98109
72503,98994,171497
83627,16436,100063
34210,94237,128447
30599,94742,125341
27013,37056,64069
27290,16106,43396
7973,30599,38572
83824,70376,154200
38644,3954,42598
82379,59697,142076
2731,48390,51121
27515,20362,47877
24891,51759,76650
8406,16545,24951
29884,69397,99281
36880,67628,104508
57579,13522,71101
11873,64852,76725
34596,53695,88291
46166,79930,126096
92016,67105,159121
51868,64799,116667
15374,67835,83209
47107,9941,57048
10561,91770,102331
13456,70098,83554
36744,21022,57766
78599,63715,142314
9399,97249,106648
97570,68786,166356
89602,7498,97100
92515,13075,105590
67080,86226,153306
89653,93530,183183
96123,62626,158749
77495,22089,99584
62486,37861,100347
21955,88149,110104
21533,83096,104629
84134,93152,177286
81277,66504,147781
6692,86528,93220
49196,67931,117127
53545,16043,69588
89194,80984,170178
59798,1609,61407
50980,80359,131339
95119,61981,157100
68892,27577,96469
2655,62911,65566
60292,12934,73226
81634,23770,105404
23137,15930,39067
80828,51267,132095
73081,73336,146417
26395,90579,116974
40349,86430,126779
83185,41049,124234
36677,95128,131805
29579,10532,40111
4104,10174,14278
60520,30434,90954
65093,96404,161497
48562,11443,60005
15661,11915,27576
94742,2938,97680
85277,90234,175511
27202,42159,69361
94055,56201,150256
26045,78555,104600
31577,57169,88746
5438,43861,49299
45422,79288,124710
70762,15652,86414
11711,48184,59895
64639,3695,68334
63294,26662,89956
14221,19405,33626
27407,90230,117637
11861,54128,65989
40652,7940,48592
39329,10719,50048
25760,36321,62081
23242,83050,106292
76545,18942,95487
6021,18872,24893
9985,81926,91911
4962,13027,17989
14874,56131,71005
40579,39681,80260
56863,76304,133167
29765,41477,71242
2773,26629,29402
47641,87287,134928
50589,98742,149331
40777,8693,49470
30394,50575,80969
44323,74094,118417
18893,13014,31907
7510,69879,77389
82927,23794,106721
53639,83315,136954
16389,93190,109579
51368,67154,118522
9153,93280,102433
86035,96263,182298
40852,76729,117581
25293,44447,69740
99790,37914,137704
66179,22231,88410
43911,11109,55020
62154,39739,101893
36887,42726,79613
75045,48428,123473
70737,60318,131055
28017,83206,111223
45108,80361,125469
68212,50567,118779
67833,94911,162744
48814,60549,109363
69254,18654,87908
92877,67518,160395
12178,29235,41413
81183,53041,134224
56491,65121,121612
44550,17151,61701
14170,68130,82300
78907,81093,160000
27734,25005,52739
38722,49377,88099
145,76461,76606
56531,7918,64449
75696,55582,131278
9656,17276,26932
98116,81254,179370
9471,28316,37787
65630,56313,121943
96083,23903,119986
88993,68117,157110
51130,54995,106125
24439,24331,48770
17549,23142,40691
7131,28028,35159
35912,62240,98152
25687,84766,110453
13243,81132,94375
16168,65522,81690
66073,97801,163874
61957,26258,88215
15041,41627,56668
19213,18862,38075
8295,92598,100893
74497,61932,136429
14664,9441,24105
43420,95355,138775
778,17260,18038
67076,44503,111579
28512,13963,42475
36875,13801,50676
98978,82762,181740
41142,61130,102272
6204,44395,50599
77323,81916,159239
81039,63792,144831
53786,40549,94335
64340,81505,145845
70984,18335,89319
57581,27810,85391
18519,17029,35548
84227,74423,158650
18232,78652,96884
73864,90184,164048
7295,88017,95312
94591,95803,190394
88808,58269,147077
8223,36589,44812
3505,57761,61266
56673,43305,99978
42764,1265,44029
17344,65745,83089
81162,70699,151861
76826,53518,130344
9510,7824,17334
28581,91865,120446
44999,43249,88248
30058,90923,120981
27054,16655,43709
24712,46859,71571
56124,79366,135490
92427,730,93157
57084,42731,99815
22754,45375,68129
99609,69244,168853
74097,65467,139564
81988,24556,106544
71801,68439,140240
83516,91709,175225
89788,63970,153758
43742,12643,56385
82279,88042,170321
99360,35504,134864
69681,9209,78890
11865,72007,83872
60547,91491,152038
42133,23799,65932
18637,99867,118504
91052,72566,163618
5742,47585,53327
17576,87331,104907
17033,1065,18098
16551,53854,70405
92277,73401,165678
39466,50463,89929
10958,66742,77700
65509,57940,123449
24292,886,25178
41428,88739,130167
74079,23887,97966
25250,60557,85807
39523,27265,66788
48254,24050,72304
40145,13421,53566
50899,28538,79437
50019,5393,55412
4150,95798,99948
59187,7326,66513
78484,14432,92916
76732,35811,112543
35663,35076,70739
57833,6784,64617
69951,38493,108444
17922,21644,39566
29125,91321,120446
36545,35405,71950
97569,47054,144623
68955,64484,133439
44254,36866,81120
45425,83145,128570
99320,30148,129468
88977,17955,106932
66335,76811,143146
93185,89953,183138
65613,56058,121671
9111,10455,19566
72504,94570,167074
13312,38296,51608
74592,99509,174101
94269,43602,137871
13887,98703,112590
93136,20157,113293
38922,42939,81861
71884,74058,145942
79931,42480,122411
75612,56170,131782
64686,44927,109613
52451,2047,54498
67509,63858,131367
34729,71442,106171
2854,7415,10269
94479,92372,186851
37919,86947,124866
11529,66447,77976
75961,68129,144090
63974,61224,125198
4492,33005,37497
62283,34383,96666
55568,36405,91973
93633,95262,188895
59093,94578,153671
18835,36988,55823
28864,52724,81588
83642,76263,159905
77416,53623,131039
36798,44471,81269
83602,94852,178454
98255,43404,141659
2190,23007,25197
48788,14664,63452
81614,31193,112807
48657,43601,92258
95129,38193,133322
32127,1398,33525
88751,96134,184885
50276,77266,127542
55941,72159,128100
70297,24546,94843
54216,21742,75958
58640,85140,143780
33242,4493,37735
34770,70485,105255
35498,89574,125072
63896,10154,74050
2975,85167,88142
87375,20780,108155
92110,75324,167434
17340,14918,32258
89421,32767,122188
24566,13483,38049
67265,2107,69372
3125,81656,84781
80871,31014,111885
39497,13730,53227
15788,65332,81120
85957,38305,124262
49167,99362,148529
85039,49022,134061
49601,48750,98351
27927,75505,103432
44517,63144,107661
43734,86101,129835
61829,87881,149710
25548,95416,120964
9295,3162,12457
78533,29196,107729
80862,4562,85424
31076,54762,85838
79807,94243,174050
86360,75175,161535
56600,18245,74845
26500,63538,90038
16010,13904,29914
33043,39299,72342
7023,62637,69660
79628,29779,109407
90243,31639,121882
32429,56791,89220
54550,6653,61203
13785,41451,55236
69193,8771,77964
98678,33796,132474
36010,38056,74066
59748,1157,60905
52330,22072,74402
28028,81431,109459
82290,14290,96580
20131,63162,83293
60962,89325,150287
52459,48419,100878
72170,92683,164853
13585,50327,63912
5192,68316,73508
81560,44906,126466
64996,22518,87514
29902,50920,80822
87641,45185,132826
7082,3236,10318
40453,38736,79189
1370,41919,43289
38013,53783,91796
58342,658,59000
43921,31093,75014
76756,79247,156003
61277,77060,138337
73522,34041,107563
71812,79984,151796
30898,68721,99619
28764,67198,95962
5668,40311,45979
53110,35206,88316
3628,29701,33329
9997,38965,48962
40389,4024,44413
3737,28525,32262
80901,75753,156654
66811,24033,90844
67410,31548,98958
87106,78039,165145
54332,5183,59515
92311,60615,152926
19464,23795,43259
21158,34231,55389
29437,39877,69314
83492,83097,166589
79270,78524,157794
53527,38336,91863
22625,38738,61363
7541,17040,24581
56910,60596,117506
11011,15920,26931
79598,34913,114511
85337,63523,148860
15294,98205,113499
59135,78922,138057
94823,31021,125844
88707,83949,172656
68475,53342,121817
13263,97288,110551
13336,69561,82897
39986,99329,139315
66213,8417,74630
96991,85037,182028
76211,17985,94196
59096,56605,115701
20531,59807,80338
92508,53312,145820
58026,33657,91683
96074,84967,181041
38190,32699,70889
35555,85598,121153
30384,22616,53000
4473,30568,35041
67723,2189,69912
14485,8382,22867
27529,30873,58402
96505,53710,150215
26068,68917,94985
65810,81659,147469
61430,79636,141066
41880,84784,126664
90502,12089,102591
49354,64501,113855
37404,28597,66001
624,59889,60513
98480,74291,172771
87101,68161,155262
3781,40629,44410
22491,72445,94936
82580,94715,177295
53742,68711,122453
22035,63491,85526
75189,21270,96459
1847,97151,98998
8380,44853,53233
92784,43753,136537
76810,93413,170223
27274,45807,73081
94781,51222,146003
22756,20392,43148
43599,84453,128052
95028,41001,136029
54719,44502,99221
98452,19831,118283
89848,11071,100919
84196,88093,172289
45115,56748,101863
77931,9562,87493
20095,93859,113954
54705,8663,63368
87967,65292,153259
32694,40253,72947
45935,99046,144981
90177,41340,131517
65295,31932,97227
47152,96344,143496
22224,23056,45280
3893,19057,22950
3780,49360,53140
56604,74131,130735
37880,79925,117805
42806,51422,94228
35087,20731,55818
58041,963,59004
38628,70545,109173
92906,48256,141162
47185,13279,60464
42785,37465,80250
83868,99779,183647
69305,79060,148365
43071,61295,104366
24369,37977,62346
76411,7748,84159
34513,50349,84862
96294,73303,169597
2598,24327,26925
89421,89134,178555
67042,54045,121087
14824,45297,60121
78371,90270,168641
95770,10648,106418
49433,29726,79159
50782,65577,116359
49867,78851,128718
60565,46861,107426
10694,82232,92926
3448,96048,99496
65166,24737,89903
78788,33626,112414
64822,46028,110850
13280,48297,61577
50112,62284,112396
38520,7442,45962
28031,43588,71619
71552,98387,169939
69468,64174,133642
69155,91609,160764
98609,13176,111785
1833,80680,82513
45847,3408,49255
83422,30001,113423
45160,18832,63992
86036,63489,149525
70220,31648,101868
94763,15154,109917
25910,29819,55729
42298,65184,107482
78432,58621,137053
7843,22027,29870
33089,57641,90730
36096,19321,55417
85422,11816,97238
57781,18361,76142
50500,87942,138442
48136,15766,63902
23704,81673,105377
36893,23244,60137
15923,72244,88167
89595,87731,177326
16947,97837,114784
97089,37063,134152
72539,3737,76276
10743,55665,66408
79394,1259,80653
56408,64985,121393
38115,68207,106322
95382,53312,148694
28313,98368,126681
29679,91682,121361
57285,9068,66353
36422,67103,103525
8011,13135,21146
8967,44587,53554
52094,43308,95402
7935,11711,19646
2577,29123,31700
55210,82553,137763
55951,26132,82083
92840,22109,114949
75094,75917,151011
62577,21138,83715
17081,51750,68831
29416,63762,93178
2623,78469,81092
89935,60934,150869
31716,46450,78166
97459,8662,106121
64704,39315,104019
83547,22794,106341
65455,47944,113399
25654,81824,107478
66982,23841,90823
32691,4828,37519
51835,87131,138966
4762,23528,28290
47264,25406,72670
74686,51915,126601
6054,4723,10777
28313,42139,70452
55001,52778,107779
6429,59027,65456
40931,20246,61177
31943,2305,34248
22611,11431,34042
75877,80365,156242
85671,89040,174711
51252,7293,58545
16816,49649,66465
62385,93422,155807
93624,61152,154776
91307,42498,133805
44571,30029,74600
51165,15347,66512
53201,6287,59488
26995,33416,60411
36709,42754,79463
69817,550,70367
79444,13578,93022
67469,22759,90228
45190,74875,120065
31203,89782,120985
41956,96243,138199
44474,12973,57447
87822,55607,143429
53583,60089,113672
71671,36295,107966
11042,80478,91520
56656,31680,88336
41914,98724,140638
26195,82064,108259
46040,69998,116038
87220,42303,129523
34960,43789,78749
71393,54172,125565
39747,76009,115756
26170,74767,100937
61076,85041,146117
80176,30291,110467
48590,59770,108360
52640,94581,147221
89331,91331,180662
18284,45135,63419
75976,1506,77482
51254,42992,94246
19517,38596,58113
26883,98112,124995
52461,96997,149458
71539,2349,73888
59285,34003,93288
96993,26143,123136
77620,30781,108401
69239,59768,129007
57526,95875,153401
7966,28261,36227
27385,86362,113747
92226,62374,154600
13062,34479,47541
94505,61382,155887
7206,32476,39682
62289,24658,86947
88493,75604,164097
95006,66351,161357
51536,63043,114579
36420,46795,83215
64832,92869,157701
32547,24872,57419
12514,21571,34085
75896,54947,130843
7759,19033,26792
7038,21842,28880
37000,75838,112838
99369,32824,132193
93484,75868,169352
25988,13639,39627
60071,43088,103159
73026,56758,129784
11575,70424,81999
96893,5212,102105
92030,9644,101674
41034,50686,91720
51268,18721,69989
85163,43218,128381
4544,26680,31224
44569,10636,55205
12936,18516,31452
12805,94075,106880
92872,40537,133409
88021,98476,186497
63044,36608,99652
36013,55505,91518
87736,29814,117550
86802,30354,117156
34775,33924,68699
78447,38095,116542
15057,8356,23413
19617,48834,68451
75032,48294,123326
70722,42625,113347
55149,21110,76259
64231,88689,152920
45131,63909,109040
10746,74115,84861
9762,59245,69007
98900,35714,134614
24148,35648,59796
44844,80632,125476
97988,34487,132475
38515,47275,85790
62516,8917,71433
209,40963,41172
48508,11962,60470
92810,33711,126521
54537,42993,97530
20235,48209,68444
6238,54493,60731
38770,61857,100627
42883,34473,77356
8289,75439,83728
23231,71416,94647
98378,5452,103830
6800,74005,80805
69180,17706,86886
81882,24189,106071
58042,43506,101548
56075,78533,134608
77967,92319,170286
27320,1743,29063
78692,86946,165638
24156,12106,36262
93823,16171,109994
94557,1705,96262
18208,99582,117790
17964,60172,78136
67398,67929,135327
59973,55445,115418
81626,89803,171429
57692,73747,131439
58267,18265,76532
69079,41167,110246
89868,21933,111801
21253,20074,41327
69040,7605,76645
56901,39976,96877
99030,53540,152570
37964,94304,132268
20908,43861,64769
22743,76342,99085
19074,35803,54877
54102,44216,98318
43673,6683,50356
83601,96286,179887
27323,11434,38757
63061,64932,127993
56393,89029,145422
51197,24307,75504
29393,28416,57809
95823,98006,193829
43496,24107,67603
16188,2674,18862
46420,31571,77991
5218,85525,90743
49277,27828,77105
82475,45095,127570
26296,29356,55652
16009,91729,107738
6709,34206,40915
80764,95203,175967
23305,81242,104547
77173,70327,147500
12588,51194,63782
33286,39110,72396
38032,53829,91861
59576,48669,108245
25366,66133,91499
75479,34034,109513
87723,97341,185064
53772,43358,97130
32210,3663,35873
98205,44727,142932
84911,60173,145084
64065,20615,84680
43715,39731,83446
63984,13189,77173
85671,65845,151516
40380,50335,90715
49828,22676,72504
36512,92413,128925
43459,36234,79693
94105,51033,145138
90622,26849,117471
82441,75263,157704
12946,33440,46386
60147,8232,68379
46930,95119,142049
87080,49370,136450
95487,72945,168432
23277,85946,109223
65675,10103,75778
52889,31224,84113
16024,24843,40867
69843,29777,99620
48579,38041,86620
23636,70720,94356
12546,22981,35527
73441,17240,90681
32414,63424,95838
95574,65863,161437
82938,32891,115829
41051,50839,91890
13617,2928,16545
50372,37258,87630
92544,59207,151751
33416,67915,101331
55203,95281,150484
99682,26520,126202
44876,44123,88999
26102,17964,44066
21658,68696,90354
436,62913,63349
54626,31734,86360
80388,47533,127921
92626,59532,152158
63560,37007,100567
67414,48932,116346
59445,16854,76299
98362,73778,172140
17998,12489,30487
97899,94464,192363
28819,43869,72688
22335,5476,27811
61295,89953,151248
68045,4477,72522
32396,77479,109875
24495,98913,123408
90601,41727,132328
16234,54114,70348
69475,27970,97445
7240,60836,68076
69929,38073,108002
70542,5515,76057
41953,42689,84642
59021,78481,137502
70110,57262,127372
3209,79208,82417
1908,92285,94193
32164,9754,41918
285,23474,23759
4384,36094,40478
19174,42537,61711
54734,94928,149662
65114,20680,85794
48786,63169,111955
5809,375,6184
79857,36097,115954
7081,17574,24655
83564,69297,152861
20273,88128,108401
4923,49964,54887
83716,67437,151153
66619,66118,132737
22965,30538,53503
14311,52214,66525
84322,16618,100940
4878,64642,69520
36267,59944,96211
6583,77866,84449
8702,30776,39478
55074,750,55824
65029,35186,100215
80059,504,80563
83622,35777,119399
93690,29134,122824
87374,51373,138747
21915,67555,89470
88431,52683,141114
88779,59653,148432
63342,83406,146748
7042,38230,45272
15204,30083,45287
82228,7128,89356
45183,55665,100848
71710,88545,160255
90526,39309,129835
48660,5292,53952
31922,54762,86684
19775,17305,37080
8882,75583,84465
61033,43487,104520
52105,24099,76204
49120,74317,123437
24538,39657,64195
59625,5942,65567
910,43122,44032
7577,56489,64066
72318,10883,83201
42127,45673,87800
26751,91033,117784
25933,83801,109734
73846,5281,79127
74025,34010,108035
22724,39901,62625
79085,65728,144813
29801,95443,125244
41933,1126,43059
75872,28632,104504
69656,57571,127227
51483,96827,148310
49518,12052,61570
52409,60705,113114
59411,99784,159195
59099,54624,113723
44090,87237,131327
33082,15773,48855
48654,97334,145988
72314,29959,102273
29280,82626,111906
37889,25946,63835
6192,62294,68486
29517,48715,78232
1650,46491,48141
76313,96720,173033
63358,67953,131311
18116,71802,89918
70717,15750,86467
87711,41158,128869
71711,66863,138574
36151,80355,116506
56039,83054,139093
3794,40084,43878
6353,3836,10189
21260,64417,85677
80739,3180,83919
50617,35323,85940
97946,74845,172791
21442,85490,106932
75612,5079,80691
54242,29166,83408
35627,22231,57858
75014,98206,173220
62383,65595,127978
39631,76716,116347
53167,92108,145275
58651,10694,69345
59311,55548,114859
18367,59828,78195
16695,54343,71038
19737,4846,24583
68378,42607,110985
69664,86122,155786
85085,59781,144866
8924,68280,77204
36826,38990,75816
31740,29800,61540
9450,83563,93013
50344,76209,126553
20056,8157,28213
46414,59015,105429
37195,16301,53496
59401,22627,82028
87298,32116,119414
38718,91013,129731
49435,85772,135207
71664,66414,138078
60487,87935,148422
37265,38174,75439
81924,24280,106204
82969,25194,108163
51635,73737,125372
84171,52476,136647
38555,90104,128659
73952,36283,110235
84317,38936,123253
51353,49715,101068
17001,10817,27818
67757,42691,110448
41757,91390,133147
77242,99352,176594
74160,49839,123999
2281,76057,78338
2467,12504,14971
16490,87610,104100
60138,88240,148378
21482,54137,75619
97773,47349,145122
9272,4325,13597
76917,53968,130885
60789,80099,140888
10681,67823,78504
52015,32760,84775
18923,75997,94920
43913,41172,85085
29157,23651,52808
95335,18008,113343
52183,5581,57764
2065,96344,98409
79921,18433,98354
69162,28372,97534
71616,6377,77993
87446,60937,148383
93731,53396,147127
6458,52091,58549
26321,60208,86529
22675,35401,58076
65669,96205,161874
27926,68893,96819
2330,59683,62013
9751,10841,20592
40614,72401,113015
90420,99731,190151
92946,30036,122982
37980,17487,55467
1949,75850,77799
16900,47560,64460
31168,29201,60369
54762,40521,95283
71266,48973,120239
75955,27966,103921
57709,51567,109276
52986,59671,112657
36073,4094,40167
74413,43528,117941
69724,95736,165460
1549,14101,15650
79089,76553,155642
21498,6905,28403
87878,9611,97489
1922,1098,3020
6098,26206,32304
51470,66414,117884
97581,8532,106113
25694,92873,118567
12417,99782,112199
77538,93833,171371
50966,26018,76984
24231,48633,72864
70856,52817,123673
71105,71921,143026
78214,68502,146716
74447,49166,123613
70820,8197,79017
29704,72791,102495
62654,3376,66030
21636,2058,23694
84038,2901,86939
3722,88907,92629
6831,8415,15246
29161,34776,63937
68665,27380,96045
10119,49868,59987
74258,84140,158398
39881,70248,110129
31413,70890,102303
66815,56959,123774
26250,36416,62666
70408,89031,159439
41743,84850,126593
19959,12726,32685
54786,75534,130320
17404,10769,28173
71491,8702,80193
33084,96322,129406
33293,24056,57349
46224,59530,105754
93132,59937,153069
13918,47541,61459
31103,9002,40105
8534,88224,96758
4232,14540,18772
21339,56572,77911
53049,96942,149991
96083,42808,138891
34833,25715,60548
75507,99409,174916
53184,18410,71594
36639,19222,55861
40869,92177,133046
14804,69207,84011
22941,36415,59356
36200,1246,37446
51194,1446,52640
89807,90161,179968
61732,19725,81457
26509,22617,49126
56792,58068,114860
85091,49443,134534
65932,44110,110042
19841,20020,39861
71030,51790,122820
11390,9967,21357
6407,51123,57530
43704,53489,97193
99444,21864,121308
32493,84271,116764
73672,24753,98425
16330,12454,28784
51562,37927,89489
81609,41504,123113
76808,53820,130628
10579,21562,32141
18938,49236,68174
34890,83904,118794
82880,61938,144818
30716,95589,126305
29097,99075,128172
64639,97250,161889
31854,19194,51048
47609,95308,142917
7507,44756,52263
54127,80819,134946
91107,90133,181240
7892,83049,90941
5034,78525,83559
42816,87536,130352
10801,60907,71708
16645,88629,105274
21844,12264,34108
12307,69935,82242
21013,37625,58638
38999,55932,94931
9013,90057,99070
72997,71473,144470
24918,45789,70707
93143,11138,104281
41788,96465,138253
57227,3269,60496
18002,29055,47057
72328,23517,95845
95666,33278,128944
40048,64570,104618
53554,78810,132364
83643,96635,180278
73831,16641,90472
87987,38121,126108
52026,54382,106408
14795,40244,55039
29704,15945,45649
75948,36983,112931
37946,19020,56966
8690,29102,37792
70898,77479,148377
42959,70430,113389
73911,47442,121353
57804,22454,80258
92699,36706,129405
13426,72700,86126
75712,35787,111499
83249,392,83641
62784,82160,144944
53306,9056,62362
62555,66058,128613
24363,83074,107437
30468,95502,125970
74821,16441,91262
26948,98599,125547
86408,44534,130942
93579,29961,123540
75245,27558,102803
85824,45734,131558
40784,21368,62152
33989,87027,121016
949,90495,91444
51174,92306,143480
58155,55188,113343
89483,33918,123401
74607,33974,108581
87308,9850,97158
58203,33391,91594
82250,39562,121812
23359,74121,97480
97135,15657,112792
69542,35444,104986
40547,82884,123431
59716,20581,80297
47161,12457,59618
21259,70151,91410
56589,4897,61486
42879,38566,81445
60714,3028,63742
26767,49332,76099
74157,14773,88930
38015,80738,118753
67466,6472,73938
76643,44840,121483
70204,90215,160419
74153,15713,89866
98290,62383,160673
53649,64929,118578
90908,52199,143107
78860,60772,139632
2792,41333,44125
4872,60218,65090
64331,36675,101006
89995,54200,144195
44384,97998,142382
26886,9144,36030
81887,73083,154970
89766,93563,183329
36643,23036,59679
51774,35385,87159
90150,81957,172107
51877,83261,135138
68076,67002,135078
24372,46423,70795
15533,67908,83441
92920,11268,104188
70781,83532,154313
33633,54935,88568
34606,74124,108730
29198,65794,94992
32493,69516,102009
85944,93644,179588
51426,33540,84966
73408,73107,146515
13489,14341,27830
55259,25178,80437
42509,10180,52689
87678,59348,147026
88070,47907,135977
75927,49123,125050
56391,45000,101391
38868,33341,72209
5027,49027,54054
13659,46156,59815
99715,31640,131355
90692,81499,172191
59101,43328,102429
62539,31810,94349
53039,22630,75669
68252,44170,112422
77247,30030,107277
55255,54162,109417
4785,62775,67560
99215,60504,159719
93057,57947,151004
81884,28496,110380
49776,74869,124645
24083,81787,105870
57165,76255,133420
68466,49312,117778
57370,16691,74061
16789,32374,49163
84617,56576,141193
53451,48320,101771
90572,89681,180253
21397,66390,87787
81668,88327,169995
43805,89784,133589
36746,16112,52858
11402,63130,74532
875,50045,50920
30056,47894,77950
85368,7184,92552
44409,81513,125922
49150,94978,144128
29941,98201,128142
17595,44967,62562
8244,92821,101065
49910,38856,88766
68419,14217,82636
73447,57165,130612
19943,47082,67025
12733,21413,34146
70206,68245,138451
50416,33830,84246
3345,93078,96423
86169,79065,165234
66739,95181,161920
40966,20168,61134
16127,41633,57760
23290,40959,64249
33482,67747,101229
46544,59101,105645
21498,71516,93014
2931,58538,61469
30343,35628,65971
74803,61559,136362
70468,86106,156574
3271,55480,58751
17338,99019,116357
96053,20729,116782
50633,62964,113597
88441,47337,135778
56829,66261,123090
61388,87693,149081
8161,18214,26375
81832,62735,144567
96652,31259,127911
92235,32380,124615
13211,34777,47988
44693,52609,97302
64692,76075,140767
49198,59753,108951
56813,96901,153714
37748,3456,41204
76322,89391,165713
51816,59942,111758
29021,75679,104700
62100,48741,110841
37036,14685,51721
99457,12238,111695
66139,34998,101137
43022,66240,109262
94486,29225,123711
69816,79077,148893
91214,3636,94850
44590,38493,83083
69572,38890,108462
3453,8525,11978
90716,1463,92179
35759,85897,121656
3891,25194,29085
68517,34156,102673
74161,7109,81270
89859,25632,115491
40333,15492,55825
98196,99360,197556
73505,15523,89028
58790,82597,141387
78388,49398,127786
51023,7389,58412
16208,35214,51422
65437,38839,104276
3937,43208,47145
57997,2302,60299
95515,94465,189980
7090,55034,62124
91309,51999,143308
55728,18293,74021
2725,44752,47477
31286,95267,126553
56530,64253,120783
71773,66797,138570
82524,64489,147013
58646,18599,77245
77574,85143,162717
78266,4476,82742
26597,36693,63290
28962,92448,121410
60687,54438,115125
35533,84117,119650
982,85622,86604
4629,54153,58782
83573,69631,153204
73415,55383,128798
42727,89360,132087
14991,62847,77838
86383,72396,158779
97921,92425,190346
26807,16498,43305
35118,23615,58733
96908,97262,194170
19945,21492,41437
75263,28848,104111
19464,30777,50241
97965,84869,182834
78761,70575,149336
86367,78565,164932
99343,41201,140544
69403,20099,89502
88676,81650,170326
10404,79328,89732
46480,15472,61952
58594,53118,111712
50753,33260,84013
14793,95944,110737
29242,99774,129016
89733,74457,164190
39213,17723,56936
63509,64306,127815
85285,52824,138109
24927,21856,46783
37075,71050,108125
98655,44436,143091
72286,71308,143594
88211,25472,113683
88168,37178,125346
60815,47623,108438
39580,53943,93523
90461,41626,132087
93165,19196,112361
51555,27671,79226
61532,11801,73333
28500,790,29290
103,77769,77872
26252,19659,45911
41531,35090,76621
4194,48489,52683
15251,58473,73724
27424,68025,95449
6431,22900,29331
3645,62726,66371
40003,93706,133709
94235,84410,178645
41431,67460,108891
53858,62545,116403
98764,55333,154097
60926,1745,62671
95633,16453,112086
5536,67510,73046
50222,64233,114455
63948,41127,105075
25317,60044,85361
72830,43831,116661
4801,68413,73214
69491,32056,101547
2974,55392,58366
15094,51339,66433
40430,38764,79194
23906,63499,87405
52342,19927,72269
93814,61010,154824
6173,39203,45376
24749,58689,83438
54389,79402,133791
77972,13285,91257
65962,50473,116435
91181,24152,115333
54101,39819,93920
67567,43678,111245
85097,6728,91825
15421,6568,21989
38941,31756,70697
411,96691,97102
23586,67425,91011
96032,17610,113642
50945,22124,73069
68274,17657,85931
47191,87964,135155
25348,9517,34865
48985,83433,132418
83411,64692,148103
16292,33963,50255
97797,10861,108658
97413,69122,166535
50865,29227,80092
3393,18229,21622
70000,55704,125704
47327,53945,101272
23932,98185,122117
58646,36906,95552
50600,17603,68203
82132,60529,142661
66283,2161,68444
36972,36460,73432
64267,14828,79095
88865,69361,158226
8650,192,8842
56427,82636,139063
99098,30846,129944
40271,67332,107603
6483,4136,10619
94713,70442,165155
11602,77173,88775
28979,51568,80547
62511,92763,155274
33968,51097,85065
77868,90718,168586
37845,14795,52640
56248,56617,112865
62534,89016,151550
58283,75561,133844
22437,27099,49536
94334,6858,101192
40346,44890,85236
66389,62804,129193
54880,45271,100151
13957,86496,100453
20571,24869,45440
37424,89618,127042
56787,33959,90746
4078,3313,7391
48618,24958,73576
36210,45736,81946
30586,63614,94200
79539,18402,97941
45310,410,45720
5791,79352,85143
26016,19048,45064
50026,70727,120753
14649,98290,112939
65631,57518,123149
3275,87390,90665
52666,43281,95947
64282,15636,79918
2675,47966,50641
88782,91329,180111
83124,67075,150199
24876,52195,77071
61696,34620,96316
44941,84509,129450
10565,69091,79656
73061,7786,80847
31025,67355,98380
68755,48984,117739
32918,71496,104414
98307,49825,148132
43901,75188,119089
35821,73048,108869
45289,99218,144507
84193,67874,152067
28,3295,3323
4390,46524,50914
83393,62277,145670
45008,46700,91708
4617,21830,26447
55256,27484,82740
10363,19534,29897
28276,72460,100736
95363,82120,177483
86949,9938,96887
96178,28248,124426
25170,33267,58437
72823,98980,171803
85050,14763,99813
99709,18982,118691
84908,71829,156737
55151,81497,136648
19916,68831,88747
37858,45042,82900
9362,73528,82890
44721,35777,80498
55509,62328,117837
5105,20901,26006
45125,86342,131467
66443,7709,74152
71516,48852,120368
23219,34421,57640
73899,47841,121740
4626,6783,11409
70379,82803,153182
81315,1527,82842
1019,40551,41570
92275,61700,153975
25406,82539,107945
12106,69108,81214
74150,5020,79170
86946,9982,96928
67536,46725,114261
80964,60598,141562
25170,96054,121224
94753,13935,108688
12944,99525,112469
85274,53644,138918
23091,15046,38137
7097,44070,51167
62296,46971,109267
28531,26966,55497
4749,69437,74186
85706,42032,127738
61625,34606,96231
89382,37686,127068
76053,39779,115832
90965,60992,151957
41418,9590,51008
23953,97276,121229
3570,50818,54388
21613,68209,89822
73945,7457,81402
44603,61057,105660
91206,85647,176853
77299,40648,117947
87132,56541,143673
16954,27997,44951
72282,80062,152344
75395,144,75539
70074,88373,158447
3951,96737,100688
66511,6239,72750
2879,16621,19500
62531,60853,123384
12359,33357,45716
46139,26565,72704
3845,45615,49460
69866,14658,84524
89277,22043,111320
14321,13231,27552
92442,71919,164361
91356,40985,132341
13102,3650,16752
90010,87622,177632
3730,83507,87237
78742,73138,151880
12509,60089,72598
94189,98936,193125
109,8539,8648
64698,45883,110581
95600,6231,101831
63320,74604,137924
67891,20519,88410
31111,33180,64291
9975,38218,48193
67483,61249,128732
93978,60664,154642
990,23965,24955
39605,41985,81590
27894,51618,79512
48435,54661,103096
44633,80936,125569
27590,67865,95455
77405,11404,88809
134,18015,18149
22126,22840,44966
22213,82518,104731
98928,94646,193574
23600,21555,45155
59387,31212,90599
56821,32721,89542
80340,85356,165696
48849,39474,88323
39293,48057,87350
81746,7448,89194
7107,71545,78652
47578,13192,60770
78886,4710,83596
98518,7718,106236
78749,73027,151776
96276,71791,168067
44022,97485,141507
50246,85652,135898
49722,46785,96507
65230,3122,68352
18826,26720,45546
86100,71279,157379
61227,84196,145423
85309,96591,181900
91030,76189,167219
12592,83064,95656
2384,43118,45502
51714,18154,69868
18900,63986,82886
11451,43156,54607
10066,20256,30322
2871,45262,48133
89203,61039,150242
32693,85031,117724
13129,17057,30186
92911,39360,132271
6482,46011,52493
36515,7106,43621
99073,27067,126140
41929,45552,87481
83758,42372,126130
26397,26253,52650
31751,33701,65452
22920,66329,89249
56860,13461,70321
8595,2381,10976
85279,70629,155908
96854,25551,122405
78401,12276,90677
88868,122,88990
1214,97759,98973
60321,68801,129122
4581,91253,95834
62698,62659,125357
15304,49811,65115
19069,2549,21618
70982,5835,76817
37094,78047,115141
89488,98121,187609
78436,75313,153749
19032,8199,27231
74064,76848,150912
18775,65279,84054
49564,26308,75872
68180,45489,113669
78773,55519,134292
46925,27825,74750
53615,87427,141042
30207,50093,80300
57936,85881,143817
11336,95920,107256
9764,12564,22328
23059,59510,82569
48385,41798,90183
2255,54846,57101
56823,9124,65947
88442,21252,109694
98669,70188,168857
23329,49782,73111
21430,25549,46979
28046,12300,40346
29578,26990,56568
46992,23224,70216
20004,79736,99740
81332,88483,169815
62835,61900,124735
75204,76409,151613
90051,74482,164533
81043,11685,92728
19160,10805,29965
40771,5076,45847
12947,21342,34289
79241,90431,169672
63519,52817,116336
41034,30219,71253
11394,88705,100099
10453,44157,54610
99465,69819,169284
89569,82276,171845
13638,8128,21766
4278,63533,67811
71953,15358,87311
36707,87156,123863
92087,59110,151197
53754,38547,92301
44437,5246,49683
43753,67813,111566
70714,32504,103218
39662,96810,136472
54575,77238,131813
57279,66508,123787
83807,33791,117598
80713,8338,89051
1060,57509,58569
93511,31288,124799
44867,36757,81624
58564,16948,75512
43166,46020,89186
28302,83381,111683
96955,87036,183991
14833,90748,105581
87740,38014,125754
94641,47218,141859
90144,74248,164392
51562,89580,141142
55384,50049,105433
71689,81757,153446
73265,60622,133887
50365,3772,54137
38873,25388,64261
39618,71845,111463
41523,20835,62358
56434,20645,77079
68977,37420,106397
62124,80254,142378
29539,7835,37374
59636,52428,112064
25608,83620,109228
7392,43123,50515
44259,10716,54975
69659,31347,101006
74891,34261,109152
7998,13571,21569
90229,66864,157093
37386,4170,41556
45729,74558,120287
57387,69566,126953
64693,59757,124450
62141,75766,137907
91656,13043,104699
17857,71195,89052
29309,29624,58933
15615,53392,69007
19330,48172,67502
44784,94299,139083
37379,14320,51699
25720,58259,83979
98685,34983,133668
76606,26089,102695
95467,81567,177034
34993,20230,55223
84568,94038,178606
78954,29829,108783
4837,91439,96276
72712,1859,74571
35028,93130,128158
55365,89434,144799
39046,51686,90732
39240,41943,81183
12707,35581,48288
89220,45609,134829
52239,54058,106297
22440,34902,57342
62466,61795,124261
37817,92993,130810
45399,96020,141419
67146,33702,100848
60286,99916,160202
55546,59578,115124
96992,78582,175574
7572,64385,71957
7660,5725,13385
20015,80215,100230
52240,67083,119323
81860,84940,166800
31907,76164,108071
48520,62495,111015
81050,18946,99996
7089,11056,18145
39236,450,39686
91501,85100,176601
46489,30546,77035
46227,86494,132721
19134,36700,55834
76683,88147,164830
26319,86097,112416
84531,85527,170058
65767,99665,165432
32919,67439,100358
84877,90703,175580
36250,12183,48433
46748,84374,131122
81650,91640,173290
93646,29891,123537
46030,89290,135320
63148,67938,131086
25813,95704,121517
84772,25658,110430
19858,87471,107329
20532,32580,53112
19993,56438,76431
35772,28453,64225
82048,78628,160676
73240,69615,142855
89255,12354,101609
48323,16070,64393
13776,7746,21522
59997,53305,113302
22690,36556,59246
94549,36588,131137
20727,78242,98969
86920,91791,178711
70200,45160,115360
30800,68211,99011
57517,39864,97381
62527,73484,136011
56272,76750,133022
11900,84379,96279
75597,69724,145321
43983,81760,125743
8693,56443,65136
57902,47764,105666
49247,89084,138331
72603,39635,112238
38835,18084,56919
26723,30624,57347
35833,2822,38655
21154,63053,84207
17752,94805,112557
79042,28438,107480
36447,48648,85095
33814,4024,37838
51830,35611,87441
49631,13533,63164
36915,69662,106577
57814,22361,80175
190,85150,85340
3383,64462,67845
1757,744,2501
40609,71262,111871
56410,19717,76127
25,82900,82925
72667,74386,147053
8022,66873,74895
55306,63455,118761
59901,96441,156342
50303,72478,122781
56267,68824,125091
11897,69322,81219
74985,9162,84147
52346,77014,129360
83679,6541,90220
90460,75997,166457
728,73889,74617
52760,5128,57888
51413,59012,110425
12695,2988,15683
83499,1316,84815
97812,77275,175087
83193,24679,107872
36850,36214,73064
76419,25239,101658
36668,92916,129584
84750,56041,140791
84164,15513,99677
8455,53514,61969
35106,82702,117808
8725,30186,38911
88154,66586,154740
809,17480,18289
44678,15978,60656
15452,60434,75886
94138,62526,156664
13360,46310,59670
18809,69206,88015
90719,89013,179732
71688,63647,135335
16565,78149,94714
50980,39900,90880
1071,98229,99300
99737,28425,128162
79858,87212,167070
36432,5335,41767
22922,91914,114836
33206,94754,127960
35044,3886,38930
89014,55129,144143
77314,88823,166137
82379,72755,155134
93719,89324,183043
67796,97545,165341
68106,48178,116284
10603,55177,65780
76981,6357,83338
12969,34186,47155
18658,76240,94898
6485,85883,92368
72864,16503,89367
6046,84303,90349
11184,90811,101995
41573,53404,94977
63479,65636,129115
68031,9447,77478
52809,12668,65477
99806,67054,166860
16045,77575,93620
53971,47860,101831
74396,68359,142755
76405,4418,80823
6756,46433,53189
9127,96068,105195
37660,44187,81847
4325,37293,41618
64107,27224,91331
67671,56328,123999
33115,37420,70535
91216,36874,128090
97940,84936,182876
40008,60645,100653
49449,39787,89236
23005,79410,102415
72152,67998,140150
17279,63741,81020
14613,98766,113379
39875,7119,46994
29093,38805,67898
54648,59734,114382
13103,42402,55505
90998,81858,172856
30299,58252,88551
61450,46081,107531
41995,23022,65017
50419,23609,74028
37322,16947,54269
65932,35814,101746
47740,26135,73875
52257,77567,129824
59173,90356,149529
41639,66893,108532
53241,19164,72405
81550,70403,151953
4064,7010,11074
66147,57508,123655
21972,65295,87267
29770,84123,113893
29035,47673,76708
38985,14309,53294
19635,63588,83223
756,87479,88235
96773,19718,116491
43917,2086,46003
4234,33360,37594
94698,82240,176938
68574,65849,134423
40697,41600,82297
17646,24089,41735
50836,57592,108428
54154,2315,56469
36466,16739,53205
19852,50028,69880
70515,71157,141672
40963,72193,113156
95588,58815,154403
85378,13609,98987
48528,72386,120914
24742,90651,115393
61627,84488,146115
46577,79543,126120
96063,66427,162490
54935,37898,92833
66410,97132,163542
28320,69477,97797
68612,17651,86263
66737,76983,143720
93228,25826,119054
21620,9366,30986
50209,7778,57987
90522,86299,176821
3553,64316,67869
80560,99223,179783
9094,96368,105462
51522,97445,148967
95900,77440,173340
82237,75193,157430
83428,13768,97196
72989,81768,154757
24727,22374,47101
19851,69582,89433
14723,27038,41761
2849,80283,83132
10108,18285,28393
68482,5934,74416
4903,40616,45519
21085,61981,83066
67944,12776,80720
75034,12846,87880
35230,20945,56175
26865,15605,42470
25044,50484,75528
69884,20075,89959
82299,44604,126903
23849,55266,79115
68448,65434,133882
55032,810,55842
13388,76233,89621
87178,5455,92633
23703,33031,56734
31610,19981,51591
78278,39378,117656
14458,69034,83492
94622,90293,184915
80847,83800,164647
2818,79771,82589
1865,88263,90128
30346,97380,127726
61214,20826,82040
61983,27954,89937
72016,44208,116224
88463,57468,145931
71751,59328,131079
95415,55938,151353
4524,78868,83392
61610,57488,119098
2765,81955,84720
57160,76098,133258
63578,14402,77980
59455,3849,63304
7226,36913,44139
98072,52581,150653
3295,63286,66581
47739,53988,101727
84837,65638,150475
29487,63060,92547
55878,90172,146050
58421,67679,126100
95195,95466,190661
70004,56047,126051
81756,19964,101720
3659,71276,74935
7572,45978,53550
83261,63867,147128
49278,11107,60385
3574,89950,93524
92808,23662,116470
72429,41823,114252
52577,64632,117209
95643,22074,117717
15667,78635,94302
43298,69703,113001
9551,4704,14255
30199,46978,77177
26319,72221,98540
83402,54967,138369
3534,78056,81590
91771,41282,133053
34644,81070,115714
60738,87251,147989
19155,11778,30933
27759,12710,40469
5204,87380,92584
99443,51288,150731
77502,42278,119780
22718,12154,34872
17779,57579,75358
94179,74800,168979
70890,41288,112178
64524,4535,69059
71911,17460,89371
69249,49358,118607
18438,28760,47198
62050,96793,158843
38339,82470,120809
72119,30791,102910
42493,79489,121982
88929,74929,163858
10114,84282,94396
95833,67398,163231
36614,84842,121456
2548,69415,71963
40357,32900,73257
43021,76976,119997
14252,90790,105042
49309,75203,124512
52611,19046,71657
98983,56506,155489
30938,34709,65647
52172,91861,144033
76662,68290,144952
4591,68241,72832
42721,29961,72682
72898,79496,152394
40190,32930,73120
6223,49197,55420
96789,35001,131790
49517,63782,113299
93124,92891,186015
39157,57300,96457
48883,42295,91178
20428,72617,93045
97469,48256,145725
83686,96881,180567
50323,30954,81277
36830,80971,117801
93804,98021,191825
10468,63353,73821
79442,13439,92881
5251,1414,6665
85107,8294,93401
69460,35096,104556
69062,23870,92932
30987,20377,51364
93697,79975,173672
11185,61848,73033
33690,61648,95338
53424,56956,110380
6946,8397,15343
62644,63297,125941
11288,22708,33996
77006,95248,172254
30524,64525,95049
34394,9547,43941
18207,56372,74579
49796,3335,53131
61230,60649,121879
62332,74904,137236
46904,94153,141057
57543,70063,127606
49538,71557,121095
59768,75866,135634
57218,67574,124792
36384,18206,54590
38730,43526,82256
96477,82430,178907
1234,246,1480
58792,34846,93638
30096,83169,113265
88050,66337,154387
24979,67467,92446
14407,61903,76310
11376,71892,83268
16594,2903,19497
56955,92600,149555
89046,31255,120301
26614,24020,50634
96774,43858,140632
36119,45135,81254
34104,17459,51563
91539,43056,134595
14541,12972,27513
60709,28114,88823
64799,20939,85738
49147,2344,51491
2030,48161,50191
5305,87798,93103
60040,62808,122848
32830,19965,52795
36364,44935,81299
35943,98561,134504
83544,26984,110528
48884,35738,84622
34729,71583,106312
70677,58275,128952
79653,68799,148452
70083,34630,104713
49853,44793,94646
19994,9717,29711
3357,22868,26225
20971,9322,30293
64798,50329,115127
56370,83664,140034
89750,63273,153023
57681,85253,142934
4275,80325,84600
92499,74117,166616
24317,60080,84397
71110,50189,121299
34580,43711,78291
24264,48445,72709
21348,41414,62762
27903,93170,121073
74223,80480,154703
33639,4534,38173
77289,1891,79180
20550,34963,55513
93138,423,93561
22535,10306,32841
56862,6561,63423
66952,2955,69907
96878,5540,102418
53312,63830,117142
61517,85451,146968
56645,55494,112139
84314,89405,173719
76189,97880,174069
12392,7622,20014
45880,5941,51821
80942,74377,155319
62941,10099,73040
8949,90870,99819
92780,41630,134410
4234,74462,78696
56270,14469,70739
86825,58793,145618
1627,91572,93199
39308,22803,62111
67957,81983,149940
36110,87202,123312
15045,84275,99320
28596,71960,100556
36051,74150,110201
6168,53841,60009
64478,34981,99459
74292,70998,145290
79910,79538,159448
92735,39118,131853
78611,48764,127375
42379,96554,138933
67366,88573,155939
41976,76124,118100
75352,87100,162452
98602,3042,101644
38570,11639,50209
83521,16912,100433
55542,2683,58225
65877,62256,128133
35357,222,35579
64790,93470,158260
41688,74637,116325
68123,50470,118593
61736,29275,91011
65916,7854,73770
30525,73314,103839
95698,18560,114258
4480,87395,91875
26930,6369,33299
65237,74838,140075
35337,12005,47342
90024,81560,171584
49721,49134,98855
14516,92044,106560
80979,29073,110052
52143,11810,63953
2597,74863,77460
51773,2134,53907
19352,86443,105795
48939,9357,58296
33379,4264,37643
36108,51008,87116
82049,50776,132825
66593,72561,139154
61754,75884,137638
16688,18274,34962
25748,6945,32693
70274,87799,158073
28517,66552,95069
47696,95642,143338
52011,63695,115706
96610,40659,137269
47160,5817,52977
79311,42334,121645
26338,41941,68279
50887,88426,139313
26013,1764,27777
50250,65657,115907
55982,169,56151
29262,24222,53484
58944,89009,147953
95611,97176,192787
48303,78732,127035
32550,35531,68081
33461,29449,62910
47159,46381,93540
50015,66462,116477
80223,93168,173391
86678,64004,150682
34258,16174,50432
38012,60491,98503
27854,18089,45943
86506,69930,156436
31877,95272,127149
89916,5040,94956
19365,54816,74181
9109,61620,70729
91635,40289,131924
86298,20446,106744
37378,47664,85042
28022,6432,34454
39755,48171,87926
79971,78426,158397
94246,8502,102748
44819,55235,100054
35318,37087,72405
61528,39330,100858
60916,17736,78652
57473,93768,151241
45224,96724,141948
6196,89111,95307
60857,74064,134921
38637,21305,59942
5946,76730,82676
33518,70306,103824
81227,75217,156444
36818,9607,46425
49264,52953,102217
70606,37841,108447
14437,68068,82505
60348,31753,92101
30071,32161,62232
70959,46532,117491
59306,43999,103305
71870,69268,141138
40253,26298,66551
88051,48965,137016
93202,16727,109929
95334,34370,129704
45104,95624,140728
65469,49414,114883
70499,21031,91530
54150,50182,104332
30502,13641,44143
3671,85865,89536
64896,42804,107700
51189,63452,114641
35964,9589,45553
84110,16939,101049
97980,51422,149402
43300,63572,106872
33425,43399,76824
14566,1980,16546
79323,51181,130504
49459,86574,136033
11084,18064,29148
16357,74716,91073
58250,67665,125915
79827,62181,142008
97146,99463,196609
61222,31172,92394
52774,24383,77157
70827,36167,106994
60788,52057,112845
79947,99192,179139
17465,38120,55585
96757,9731,106488
3302,77531,80833
55821,15856,71677
25545,18664,44209
44137,85250,129387
4921,41767,46688
7220,61529,68749
88335,69346,157681
67473,70373,137846
87440,54830,142270
15386,58295,73681
93935,60665,154600
95539,61930,157469
86433,69477,155910
33679,7031,40710
97736,57654,155390
24641,52832,77473
89536,95474,185010
64428,15481,79909
83603,58198,141801
37607,77952,115559
79567,90200,169767
6151,68211,74362
89827,10919,100746
68058,83733,151791
53654,85048,138702
95902,54272,150174
23619,41087,64706
59816,2338,62154
70209,84818,155027
56269,53022,109291
60420,23848,84268
6356,8632,14988
74547,66210,140757
55050,15441,70491
30662,22826,53488
5945,73483,79428
14797,98685,113482
49872,70533,120405
17060,18320,35380
51722,96922,148644
21242,31891,53133
2041,52244,54285
98509,87709,186218
67050,63047,130097
12827,5221,18048
26808,68667,95475
42620,2125,44745
56450,39006,95456
12029,78113,90142
16441,64152,80593
86766,38994,125760
52236,20888,73124
77021,72430,149451
74875,10660,85535
70980,94370,165350
7618,62742,70360
22959,4710,27669
30532,95402,125934
4535,54716,59251
67508,76729,144237
64646,78813,143459
95543,74921,170464
81670,27684,109354
92706,72814,165520
1056,88742,89798
10594,85782,96376
60402,56528,116930
45982,74001,119983
33064,57305,90369
72084,29325,101409
55818,39093,94911
61491,79421,140912
72085,10509,82594
80606,25558,106164
6200,72325,78525
35854,19053,54907
54692,98222,152914
81882,39603,121485
64198,13327,77525
25320,34433,59753
9397,34596,43993
35040,8189,43229
97398,11364,108762
24200,11135,35335
35617,87463,123080
5201,16560,21761
72652,46361,119013
21316,87505,108821
97772,54727,152499
53730,55306,109036
70744,15491,86235
32068,15774,47842
90059,44025,134084
12132,90338,102470
57536,24632,82168
48277,54242,102519
73352,89457,162809
46167,24179,70346
36833,20586,57419
33195,49750,82945
6379,80827,87206
47921,77236,125157
94229,59511,153740
17476,29459,46935
95673,8895,104568
27424,9494,36918
77529,59157,136686
78003,19034,97037
57827,87781,145608
57405,81602,139007
41112,58450,99562
88774,71176,159950
49917,69302,119219
9249,15747,24996
24068,90616,114684
89227,28635,117862
85160,60666,145826
10574,54974,65548
3076,85412,88488
91605,56329,147934
58796,32752,91548
28895,54811,83706
91429,77984,169413
94155,62241,156396
91091,59722,150813
10907,3429,14336
96810,24088,120898
95032,62189,157221
91830,31300,123130
37390,4899,42289
32763,27006,59769
7055,7718,14773
87710,41159,128869
55703,67675,123378
94044,96287,190331
71741,64774,136515
34356,9263,43619
68298,92395,160693
68529,68026,136555
52766,31475,84241
93384,89048,182432
64395,80944,145339
53761,24149,77910
76812,1335,78147
94464,31795,126259
25591,54579,80170
95091,32835,127926
87330,71493,158823
64969,54361,119330
94543,67081,161624
11867,86459,98326
37800,6115,43915
19794,60730,80524
77366,70905,148271
55274,77067,132341
54812,41824,96636
65028,86944,151972
88590,84167,172757
15439,78153,93592
18344,93763,112107
99307,79051,178358
39363,18568,57931
42581,63175,105756
40333,23668,64001
87620,52286,139906
61573,93916,155489
5977,26611,32588
10427,6613,17040
28989,37925,66914
8298,42839,51137
30634,54666,85300
62662,71926,134588
5639,41126,46765
39355,3295,42650
78297,92742,171039
9250,51610,60860
90916,91714,182630
58173,32295,90468
62311,67958,130269
5322,56857,62179
83709,13732,97441
2342,50913,53255
46584,89996,136580
96185,27337,123522
77259,59139,136398
74009,89659,163668
51668,68269,119937
29328,73501,102829
36242,19207,55449
66672,34448,101120
98322,69906,168228
36970,90047,127017
34494,42161,76655
68829,57410,126239
61674,87431,149105
14267,75785,90052
1781,23743,25524
44210,15234,59444
15930,26623,42553
44070,272,44342
70284,6019,76303
9010,18006,27016
90928,70572,161500
77399,7726,85125
26482,78342,104824
4523,57091,61614
59125,85201,144326
54247,29292,83539
82161,49080,131241
1916,2082,3998
17494,62490,79984
88372,68727,157099
12855,17940,30795
15585,76483,92068
90424,72355,162779
63829,28564,92393
12307,93266,105573
22977,74060,97037
65923,66783,132706
1602,58230,59832
53343,23319,76662
33003,54527,87530
6198,73628,79826
77996,46420,124416
97760,56075,153835
50846,4440,55286
12851,99089,111940
50012,6423,56435
56729,99256,155985
39844,67205,107049
22723,52782,75505
12864,72273,85137
88704,31794,120498
69658,34189,103847
85552,70102,155654
60459,6164,66623
6625,9487,16112
83905,47161,131066
43307,99336,142643
89530,12561,102091
21214,10466,31680
92661,79860,172521
73361,61416,134777
33851,48201,82052
84765,35323,120088
85711,43656,129367
44588,66580,111168
4000,42638,46638
94166,23227,117393
91855,27146,119001
33338,16712,50050
64873,26441,91314
9430,24418,33848
41001,35097,76098
40785,26645,67430
10917,6938,17855
52776,26357,79133
34200,43087,77287
54600,35897,90497
39881,77941,117822
20895,37899,58794
3529,83925,87454
78392,7348,85740
54314,68116,122430
93230,18734,111964
29900,92548,122448
28121,15783,43904
32687,20066,52753
51279,75956,127235
3501,18395,21896
28775,79239,108014
42823,80715,123538
36689,13346,50035
54609,37652,92261
13998,37306,51304
95081,87749,182830
72222,83321,155543
88793,72642,161435
95856,892,96748
16443,7337,23780
80972,91511,172483
43776,68895,112671
51561,50964,102525
25274,1174,26448
16701,39645,56346
18420,49520,67940
1645,35655,37300
82850,74232,157082
11819,3588,15407
63388,58733,122121
16874,74234,91108
84651,89743,174394
49438,16213,65651
74199,45179,119378
89337,98063,187400
48152,4670,52822
53616,32400,86016
92843,20916,113759
28778,7682,36460
51997,62467,114464
33988,21904,55892
20512,13424,33936
55556,46732,102288
60531,18008,78539
70300,12182,82482
44326,63826,108152
39807,8665,48472
55224,52508,107732
37965,67310,105275
40374,45493,85867
32645,52730,85375
64794,6132,70926
54637,30540,85177
21491,89008,110499
68629,29615,98244
18101,87018,105119
24716,78939,103655
30828,99800,130628
36143,87199,123342
60999,56764,117763
48861,27804,76665
15304,63478,78782
80380,73613,153993
71218,93679,164897
81212,81685,162897
78954,99473,178427
95871,56066,151937
60767,15407,76174
81771,59411,141182
68445,51325,119770
53837,25001,78838
70784,99009,169793
64232,76613,140845
34123,91496,125619
43871,88790,132661
8922,59356,68278
87477,30136,117613
6952,15173,22125
61082,44630,105712
89197,74246,163443
93550,53564,147114
69954,4532,74486
95618,30349,125967
6655,91022,97677
41763,52693,94456
41460,92965,134425
16590,17521,34111
90109,73906,164015
86725,66825,153550
80416,71519,151935
54598,14642,69240
39054,62590,101644
45782,41531,87313
42229,20666,62895
86441,9307,95748
34487,96898,131385
72479,9566,82045
52850,87760,140610
60703,88759,149462
68237,1190,69427
75191,36663,111854
76055,12682,88737
83761,82730,166491
27844,620,28464
52093,25234,77327
5204,37366,42570
26816,91246,118062
23458,8845,32303
91287,98097,189384
36786,96925,133711
16376,38308,54684
48009,27437,75446
62107,52461,114568
83270,68426,151696
30129,30138,60267
55443,27950,83393
48233,27012,75245
16613,33038,49651
84144,64212,148356
43907,16953,60860
66489,41423,107912
24555,97547,122102
28510,28529,57039
26554,63262,89816
92779,32789,125568
42803,8912,51715
95934,46352,142286
41523,59900,101423
5607,32674,38281
27359,85498,112857
43234,28038,71272
51918,27399,79317
66678,51288,117966
42160,22780,64940
34511,3363,37874
50008,61134,111142
82722,73900,156622
91850,56072,147922
80506,82898,163404
97325,45010,142335
3505,26184,29689
81294,15142,96436
11354,77847,89201
58493,45533,104026
3650,39529,43179
61992,83804,145796
65531,59905,125436
43892,34471,78363
69567,85264,154831
25500,85031,110531
74862,86035,160897
25474,22124,47598
59551,37031,96582
32526,33411,65937
86624,36592,123216
38394,15498,53892
30617,20357,50974
11572,36878,48450
83740,2772,86512
45839,93107,138946
81518,1638,83156
6450,92368,98818
87250,83598,170848
29048,27910,56958
95277,34297,129574
25199,18324,43523
88999,99073,188072
87112,72701,159813
56329,62384,118713
25853,8656,34509
99795,32106,131901
46345,43614,89959
51184,89579,140763
22241,53610,75851
89549,45659,135208
59603,46497,106100
38921,7747,46668
20373,71010,91383
78819,25358,104177
97861,94776,192637
32069,77191,109260
97455,99223,196678
32183,8685,40868
98007,38603,136610
55063,90361,145424
11588,53277,64865
13635,6524,20159
57191,18859,76050
16087,96991,113078
76599,60458,137057
97281,32587,129868
99616,77874,177490
41578,39556,81134
85201,82624,167825
20101,55563,75664
65122,7740,72862
90499,76968,167467
8033,63941,71974
76510,74726,151236
24037,49716,73753
20588,23565,44153
42051,49012,91063
6610,20111,26721
6994,79261,86255
45337,60758,106095
6905,21659,28564
90127,2417,92544
34068,52638,86706
70588,23846,94434
42528,46578,89106
76919,6465,83384
38279,16031,54310
40337,18833,59170
74052,84780,158832
24338,73594,97932
91903,69918,161821
31846,7210,39056
56731,66750,123481
4461,61782,66243
28909,23315,52224
35405,17385,52790
30717,48433,79150
16434,15177,31611
42803,19658,62461
7803,55995,63798
57714,5091,62805
97327,29384,126711
24399,40071,64470
85013,82511,167524
22033,45246,67279
33687,52654,86341
9592,32292,41884
12464,59071,71535
11399,74003,85402
19219,80964,100183
81129,96669,177798
42827,19531,62358
39145,59776,98921
82689,91719,174408
81682,72012,153694
67757,90787,158544
68138,21223,89361
21288,61854,83142
43012,14396,57408
20647,82877,103524
77307,18095,95402
8756,23167,31923
73131,13591,86722
36101,62356,98457
76523,65945,142468
68579,68750,137329
22467,61879,84346
18885,89331,108216
62914,39663,102577
63569,68870,132439
14601,35079,49680
95072,58456,153528
23438,61710,85148
83233,43050,126283
3799,89844,93643
21700,1492,23192
50242,36117,86359
67607,46293,113900
22171,97857,120028
94738,17342,112080
98077,21213,119290
60610,31690,92300
2450,82976,85426
12972,17818,30790
63336,29255,92591
38677,85029,123706
79030,2926,81956
26491,37856,64347
55037,64544,119581
88649,27907,116556
57789,17160,74949
24009,5329,29338
62379,32759,95138
33760,84257,118017
18399,9878,28277
713,15022,15735
81708,38456,120164
69242,34470,103712
57475,16273,73748
79719,42398,122117
7636,29252,36888
15321,57134,72455
70115,52267,122382
15003,9341,24344
66075,29617,95692
37575,7406,44981
35285,68793,104078
94133,23363,117496
33480,58462,91942
30407,61016,91423
23480,34642,58122
51660,23354,75014
16247,13834,30081
17638,93227,110865
37490,10230,47720
72467,53106,125573
14125,69461,83586
21455,50116,71571
82600,15551,98151
75195,63011,138206
31213,13551,44764
25772,74158,99930
92332,97694,190026
59922,81048,140970
5624,64938,70562
29776,29978,59754
44578,20359,64937
18188,50551,68739
38567,69995,108562
36366,15401,51767
61433,21430,82863
43698,40322,84020
15138,98553,113691
90546,27291,117837
7771,67164,74935
1212,31201,32413
17605,26912,44517
37590,71210,108800
48469,96147,144616
83343,89446,172789
27826,36416,64242
46451,73403,119854
53953,75904,129857
51213,82227,133440
8229,65368,73597
2618,3706,6324
38218,26911,65129
81083,59780,140863
27358,74351,101709
86118,75585,161703
42508,76462,118970
56020,76324,132344
76499,97693,174192
54653,25279,79932
28663,87346,116009
52989,47566,100555
44195,2120,46315
46977,84929,131906
58200,65593,123793
67039,1624,68663
70362,52857,123219
27074,90452,117526
92809,29342,122151
14514,952,15466
6407,55795,62202
69480,23972,93452
97519,8541,106060
99676,78166,177842
52296,35128,87424
84722,8632,93354
43728,69910,113638
60542,89535,150077
61009,8469,69478
66349,92999,159348
34233,71439,105672
13664,4717,18381
9955,75276,85231
15127,52992,68119
80018,45091,125109
86216,65163,151379
79394,63654,143048
93804,89646,183450
37961,38791,76752
94451,78984,173435
90576,95489,186065
87959,28465,116424
47206,75497,122703
74973,26251,101224
64114,28494,92608
85779,17447,103226
28098,31950,60048
93237,91074,184311
98219,91857,190076
76945,4699,81644
41062,53318,94380
63366,96524,159890
33715,62310,96025
37492,63391,100883
79958,44756,124714
48146,13382,61528
65547,79697,145244
49967,61376,111343
49551,62773,112324
11121,86772,97893
56732,59648,116380
80112,69287,149399
35442,28873,64315
34821,13880,48701
35351,10529,45880
40238,50624,90862
25039,87288,112327
40613,8081,48694
62398,20302,82700
28729,40015,68744
51232,61106,112338
83612,80828,164440
5626,81535,87161
52584,44815,97399
93659,19038,112697
2789,730,3519
62058,54152,116210
36831,25509,62340
4033,61058,65091
15244,47426,62670
78221,92158,170379
86750,24667,111417
17159,56948,74107
17876,48608,66484
84092,79843,163935
66160,94626,160786
75673,26020,101693
11872,4321,16193
69628,37890,107518
88669,93061,181730
22673,82866,105539
72341,16450,88791
25125,89219,114344
41776,35269,77045
90481,82180,172661
86475,52885,139360
23971,28221,52192
34993,18631,53624
95341,75649,170990
46753,2831,49584
16217,57832,74049
82379,69813,152192
52916,75057,127973
36625,27989,64614
31221,14757,45978
87741,35144,122885
49610,95886,145496
67141,25083,92224
16544,63738,80282
95522,13025,108547
13906,33316,47222
92735,66475,159210
64990,10278,75268
50251,42195,92446
21459,60174,81633
87640,60544,148184
26977,70551,97528
83027,97643,180670
41526,96857,138383
93139,37897,131036
74326,7811,82137
9543,65073,74616
63274,97398,160672
62255,53806,116061
97680,3254,100934
63236,58663,121899
28656,36580,65236
34489,56008,90497
89097,95136,184233
97890,94312,192202
98777,54210,152987
29355,43191,72546
5290,12516,17806
63703,19737,83440
28206,47334,75540
37286,32597,69883
63363,19574,82937
38012,38540,76552
37032,41854,78886
91060,59827,150887
48030,20496,68526
78092,95498,173590
43503,94155,137658
73505,36775,110280
3811,7902,11713
63785,46924,110709
11215,10077,21292
31091,95953,127044
17206,87507,104713
18622,77083,95705
44742,31081,75823
60518,23612,84130
21375,96565,117940
46448,62277,108725
11963,64879,76842
1621,87998,89619
65622,37876,103498
20870,49964,70834
68003,80425,148428
6154,89067,95221
63503,28117,91620
21029,64833,85862
73824,15756,89580
67064,79527,146591
70188,5381,75569
6358,59195,65553
2431,47621,50052
19273,27589,46862
97407,40990,138397
17679,16717,34396
16864,84668,101532
25039,55692,80731
95941,21447,117388
27816,69873,97689
5809,12442,18251
43388,75402,118790
18645,72422,91067
11743,39369,51112
4411,47493,51904
75872,50529,126401
23432,35335,58767
17584,10590,28174
50884,85174,136058
55627,66165,121792
83207,51045,134252
78379,38934,117313
72874,21684,94558
98694,92629,191323
96987,99756,196743
52575,83193,135768
68442,90323,158765
82572,99060,181632
12348,25524,37872
17714,859,18573
75702,84842,160544
29919,63369,93288
58919,74960,133879
37004,44723,81727
27400,26030,53430
33781,82647,116428
34850,84489,119339
26312,22486,48798
37847,12756,50603
90027,14181,104208
24993,85056,110049
98762,51173,149935
93743,87166,180909
49780,5495,55275
41490,58264,99754
50957,80817,131774
11540,73719,85259
21323,17452,38775
12111,36198,48309
33177,53719,86896
31160,80290,111450
98769,2455,101224
67131,35489,102620
15585,89972,105557
91203,21795,112998
71345,72205,143550
33312,6527,39839
33631,46555,80186
52627,3301,55928
19701,95668,115369
30249,98191,128440
61328,83346,144674
79913,73825,153738
89983,76939,166922
65400,18757,84157
83308,25093,108401
2040,43486,45526
7483,11193,18676
23626,78790,102416
40722,28757,69479
95353,68179,163532
70247,14659,84906
72786,3694,76480
880,63113,63993
50841,18773,69614
54975,91968,146943
26677,19010,45687
93878,24790,118668
99831,60803,160634
30928,55355,86283
68146,65820,133966
51244,22321,73565
20944,76857,97801
36560,15266,51826
92659,85494,178153
65539,32406,97945
18683,33729,52412
75543,71031,146574
31610,8501,40111
76755,93113,169868
95342,93601,188943
48536,91194,139730
51829,20837,72666
86365,73204,159569
56950,16271,73221
15887,40816,56703
2052,30366,32418
48754,12021,60775
4254,73799,78053
45863,88024,133887
31901,14591,46492
4661,44486,49147
51885,85833,137718
92751,55958,148709
69915,58596,128511
25589,1329,26918
70135,76881,147016
66403,17806,84209
26544,57588,84132
54999,92526,147525
61397,20291,81688
30975,5431,36406
17564,84749,102313
92588,20736,113324
14643,73101,87744
74816,5144,79960
79414,81879,161293
55666,9824,65490
79910,94390,174300
65304,51338,116642
6007,42893,48900
5221,142,5363
18835,51522,70357
79812,77679,157491
53031,27431,80462
47844,55957,103801
75030,85471,160501
61942,43553,105495
56391,19515,75906
2230,69870,72100
54503,74871,129374
87422,53217,140639
13619,59304,72923
89443,63258,152701
44327,98565,142892
41374,45267,86641
94448,37793,132241
90945,16860,107805
61641,44637,106278
61575,73949,135524
79549,24350,103899
37948,37775,75723
24839,69807,94646
92322,13142,105464
42432,80491,122923
89998,45073,135071
11414,76567,87981
55822,42474,98296
42875,48549,91424
4458,19461,23919
47412,88165,135577
20790,87682,108472
75034,19446,94480
54184,21350,75534
67448,74817,142265
29290,22373,51663
56321,81544,137865
83761,75749,159510
73188,93768,166956
98109,58360,156469
78400,24615,103015
37710,4484,42194
23684,10056,33740
21597,58230,79827
33009,2697,35706
91715,59389,151104
67291,10514,77805
45110,764,45874
9275,91937,101212
59915,42339,102254
52405,38406,90811
95856,13733,109589
96344,21459,117803
9529,5818,15347
58053,75309,133362
71208,94394,165602
25707,17689,43396
70596,24102,94698
57613,21143,78756
19924,73594,93518
59214,855,60069
88540,19176,107716
52703,74035,126738
38794,70570,109364
60910,76350,137260
4623,40252,44875
55819,23337,79156
25854,64301,90155
96598,64848,161446
9378,74382,83760
29838,81585,111423
59704,71643,131347
96460,46495,142955
80590,1074,81664
37984,93957,131941
22795,60531,83326
71799,39693,111492
70269,65052,135321
50258,10420,60678
42934,13590,56524
80266,21670,101936
19444,89701,109145
17306,51448,68754
40318,33489,73807
56470,68745,125215
32059,76204,108263
35413,27420,62833
33623,59125,92748
60433,88513,148946
36873,41513,78386
62807,84410,147217
46488,87071,133559
72986,740,73726
29664,95769,125433
61519,65797,127316
17964,6805,24769
34236,2927,37163
75391,64958,140349
38509,76010,114519
70542,22965,93507
39122,18499,57621
75683,98312,173995
88960,31922,120882
14929,57228,72157
52328,30506,82834
54705,11467,66172
60313,72623,132936
11096,84637,95733
13375,40019,53394
55698,81933,137631
50033,85489,135522
82998,16327,99325
75392,80957,156349
63231,14061,77292
49449,88740,138189
76484,54219,130703
39954,71974,111928
49695,31818,81513
97149,78468,175617
24441,44561,69002
82425,59559,141984
68647,42132,110779
25845,47494,73339
18684,84871,103555
1102,87161,88263
66431,21567,87998
7944,65202,73146
76158,89255,165413
78691,78664,157355
94559,9519,104078
21480,51371,72851
52992,21047,74039
60408,24781,85189
82056,7783,89839
95064,50001,145065
73611,5498,79109
96052,64484,160536
6400,31041,37441
1310,16840,18150
18916,35926,54842
93110,46370,139480
97844,82,97926
10032,58963,68995
2180,11844,14024
32345,7714,40059
97646,15976,113622
47399,83197,130596
70367,7785,78152
1281,10887,12168
6430,15963,22393
18875,49928,68803
9730,59069,68799
12239,14871,27110
88358,56373,144731
23584,24501,48085
64504,18632,83136
5341,82279,87620
79029,35848,114877
11617,89223,100840
61865,6067,67932
43457,32263,75720
6377,88906,95283
61258,48378,109636
33769,92769,126538
77796,30755,108551
62205,85322,147527
49803,52068,101871
36751,86420,123171
52612,6937,59549
87356,10529,97885
88652,81427,170079
94032,56248,150280
93525,29249,122774
16507,5748,22255
30441,9355,39796
31588,65179,96767
88361,33499,121860
27913,43255,71168
9267,55571,64838
11657,32524,44181
58565,52156,110721
48826,42822,91648
66023,32739,98762
62707,62048,124755
60002,62093,122095
62614,58440,121054
79267,84345,163612
76252,15618,91870
17513,20352,37865
1307,87334,88641
2588,26925,29513
13532,89334,102866
56730,40488,97218
20484,12335,32819
50788,41650,92438
61975,21163,83138
89295,4114,93409
96884,95318,192202
88916,56879,145795
63831,76916,140747
83123,17726,100849
77206,7058,84264
33883,21266,55149
36084,93123,129207
77973,11020,88993
93288,52051,145339
99540,16362,115902
94688,95461,190149
80248,65041,145289
28470,37654,66124
66392,95410,161802
95229,10377,105606
49248,35671,84919
58007,41866,99873
68081,25734,93815
89824,47373,137197
54487,32441,86928
75295,35030,110325
95618,61337,156955
37406,68066,105472
47438,32799,80237
61309,45664,106973
29515,66148,95663
9655,10806,20461
42190,81857,124047
34316,97551,131867
11836,32188,44024
54379,85003,139382
703,56302,57005
7603,78343,85946
2599,7079,9678
1801,56919,58720
29749,88850,118599
43606,89186,132792
37014,83947,120961
71280,37343,108623
83225,4224,87449
75326,31129,106455
84005,47977,131982
92462,26431,118893
2244,61284,63528
35611,15166,50777
10384,61213,71597
92259,62052,154311
53962,27764,81726
75897,82402,158299
25682,18151,43833
51692,65039,116731
47203,54500,101703
33223,16605,49828
81501,56151,137652
15313,45164,60477
97303,10661,107964
56572,82831,139403
79315,32623,111938
40079,28238,68317
73343,75337,148680
97705,33457,131162
16734,71326,88060
70541,58276,128817
10289,42778,53067
89689,36727,126416
75488,5464,80952
35348,67049,102397
9300,47361,56661
7195,11043,18238
2616,21293,23909
52212,84138,136350
62590,47980,110570
1934,21875,23809
13581,88581,102162
23189,91311,114500
97534,77311,174845
29875,8680,38555
35031,333,35364
49258,90706,139964
37985,99989,137974
68308,16193,84501
58938,68965,127903
19070,65320,84390
50461,47446,97907
76083,29252,105335
31926,65446,97372
48343,73411,121754
57703,34790,92493
82827,13395,96222
24624,92150,116774
39253,91495,130748
2450,8119,10569
37314,56402,93716
40585,65230,105815
88397,3671,92068
47116,52496,99612
90912,94614,185526
10593,10242,20835
3139,34767,37906
49750,70780,120530
38908,2918,41826
31736,4637,36373
83420,50559,133979
15631,30497,46128
10691,43629,54320
98783,48632,147415
93907,343,94250
5252,38511,43763
17886,28363,46249
86562,96166,182728
69822,82363,152185
63670,78655,142325
74965,90543,165508
84160,80118,164278
47753,419,48172
9544,9239,18783
794,81528,82322
13118,96039,109157
27880,51958,79838
87437,98524,185961
53090,16785,69875
73393,16562,89955
25689,17705,43394
43535,27764,71299
58978,83576,142554
40682,79557,120239
67812,40481,108293
33942,99367,133309
42032,96026,138058
9411,35437,44848
84532,78388,162920
32522,27111,59633
9738,46061,55799
26583,97831,124414
7945,60126,68071
54804,32910,87714
21070,56877,77947
65027,82236,147263
77652,33265,110917
92736,10711,103447
10946,93654,104600
72048,75850,147898
98068,243,98311
47623,18954,66577
79709,97079,176788
35717,3806,39523
53148,80407,133555
69261,46448,115709
20880,49315,70195
41748,83319,125067
97334,26474,123808
30822,78982,109804
63470,72599,136069
67848,2630,70478
61920,30700,92620
71048,23687,94735
10698,28079,38777
39190,70509,109699
72427,34446,106873
20179,83308,103487
51604,66958,118562
6634,49211,55845
82172,48037,130209
4167,27751,31918
36296,72008,108304
35232,44110,79342
80827,66599,147426
60471,99102,159573
28068,32371,60439
6399,86155,92554
75983,99842,175825
89585,55871,145456
14631,1726,16357
15823,4296,20119
74887,5530,80417
52680,33682,86362
22082,12396,34478
32084,22951,55035
36273,3706,39979
21482,94313,115795
90623,97417,188040
28013,57015,85028
14115,83529,97644
89435,21119,110554
55216,18426,73642
26836,52855,79691
67165,64384,131549
72114,72036,144150
51137,95555,146692
61404,56603,118007
16538,49243,65781
20775,44853,65628
98245,91554,189799
45787,30440,76227
5186,18331,23517
81904,28477,110381
36684,54765,91449
931,38023,38954
23535,84573,108108
55252,46597,101849
92921,95477,188398
61400,2221,63621
61872,62314,124186
24483,71208,95691
17160,20366,37526
36947,62013,98960
86906,457,87363
78059,81350,159409
19108,16987,36095
23684,82677,106361
63395,82650,146045
57525,38569,96094
30072,61761,91833
65193,14508,79701
69608,73690,143298
70515,460,70975
79578,19177,98755
48279,71298,119577
98681,66963,165644
73751,62770,136521
11567,47120,58687
4245,66089,70334
73818,30812,104630
74599,53099,127698
40184,66466,106650
81082,62712,143794
98755,28511,127266
21056,73400,94456
30612,81711,112323
87780,78421,166201
79715,35733,115448
46209,55578,101787
457,68830,69287
66323,85947,152270
49004,81690,130694
8336,9424,17760
21761,4090,25851
29106,12863,41969
92438,47211,139649
94752,41881,136633
12546,18768,31314
26522,7801,34323
60607,63772,124379
47038,13354,60392
69513,41501,111014
1559,68816,70375
81365,64636,146001
71422,42834,114256
88765,69044,157809
53299,99589,152888
6283,23096,29379
68997,4207,73204
80170,58014,138184
67908,90067,157975
13848,15836,29684
66427,39250,105677
39874,59299,99173
9195,48321,57516
27216,3346,30562
99849,80285,180134
45025,43139,88164
2076,38432,40508
13898,5540,19438
89916,62295,152211
54436,61838,116274
30724,51224,81948
64061,73885,137946
2947,72382,75329
13584,68395,81979
91981,43541,135522
80070,50442,130512
55725,86550,142275
10202,20867,31069
20241,36880,57121
47968,81462,129430
87887,69933,157820
17571,42619,60190
77110,11972,89082
12393,66012,78405
18763,55801,74564
78201,76029,154230
45958,17838,63796
35421,95456,130877
80804,41350,122154
64059,10627,74686
84624,28148,112772
74146,66927,141073
2024,99730,101754
8518,96802,105320
81339,2633,83972
51925,12843,64768
87068,1394,88462
76945,74421,151366
84549,69746,154295
11399,18850,30249
34250,45583,79833
19056,51243,70299
85784,90791,176575
41835,63541,105376
17616,40879,58495
14051,57405,71456
75163,49680,124843
95163,70059,165222
55666,8638,64304
25101,83168,108269
41993,15248,57241
45403,49286,94689
35498,16372,51870
31379,53058,84437
63101,69660,132761
60674,31291,91965
29566,98536,128102
48030,35722,83752
92869,62804,155673
62068,56514,118582
6225,53302,59527
95282,71869,167151
69059,35797,104856
90482,3695,94177
42250,78804,121054
50741,623,51364
20077,95333,115410
26112,36083,62195
21715,30019,51734
22181,10423,32604
99564,74126,173690
561,22216,22777
98244,57518,155762
679,52419,53098
83888,75167,159055
16730,2511,19241
88700,57666,146366
92825,88456,181281
19947,18739,38686
89472,47564,137036
28687,83829,112516
75563,78035,153598
59488,29212,88700
56969,10577,67546
59206,4432,63638
71816,56793,128609
37225,96570,133795
73389,78097,151486
97985,48817,146802
77221,21241,98462
84636,34648,119284
17146,61927,79073
94440,76339,170779
43358,63398,106756
44164,44372,88536
52638,42081,94719
37270,5549,42819
15985,35575,51560
33967,50774,84741
8919,96859,105778
20540,90351,110891
58619,33498,92117
14690,72550,87240
84504,84973,169477
37147,93663,130810
93950,93771,187721
14157,61017,75174
86383,89863,176246
35719,9540,45259
55905,80789,136694
65796,6137,71933
64405,99595,164000
28786,35986,64772
86689,69928,156617
32380,62426,94806
59189,72193,131382
75144,98872,174016
565,63907,64472
98185,85350,183535
41445,89574,131019
64814,64329,129143
19716,9392,29108
75947,29348,105295
7903,47473,55376
81350,73577,154927
32759,69525,102284
21489,49707,71196
42518,12309,54827
12888,80657,93545
57475,66453,123928
43975,46455,90430
80327,26051,106378
29459,84078,113537
1071,38958,40029
81800,84924,166724
60448,59969,120417
88600,8653,97253
13147,20002,33149
61830,14321,76151
12776,6936,19712
2694,78217,80911
91080,5545,96625
99270,2326,101596
70402,73820,144222
90479,67824,158303
89898,5101,94999
84947,50592,135539
86667,94197,180864
11597,98550,110147
30493,91071,121564
41169,47712,88881
72131,6828,78959
68074,74131,142205
2548,8720,11268
89794,96019,185813
28348,7155,35503
1745,60297,62042
32119,17042,49161
91443,26034,117477
75197,93884,169081
61423,37293,98716
43906,23567,67473
91412,95185,186597
51724,29634,81358
46939,51835,98774
40487,34871,75358
51558,59753,111311
75071,56673,131744
46344,30527,76871
78933,10972,89905
17872,80588,98460
8229,10651,18880
3168,31924,35092
62586,254,62840
34319,73029,107348
21136,91263,112399
81773,16803,98576
21980,53002,74982
13651,51090,64741
62634,46509,109143
39512,34073,73585
53492,56131,109623
43077,19857,62934
68092,25472,93564
59093,85349,144442
66745,69561,136306
10105,92972,103077
89312,84120,173432
97790,72398,170188
26438,77617,104055
63401,9478,72879
84387,55021,139408
8360,41041,49401
32,53782,53814
30209,97051,127260
80764,11175,91939
81716,86387,168103
64815,45071,109886
47477,11868,59345
3326,16918,20244
80484,23310,103794
71300,35306,106606
81085,8978,90063
22740,29857,52597
65325,13320,78645
10763,68989,79752
14580,82395,96975
46782,68059,114841
54861,99471,154332
50292,20884,71176
54980,57020,112000
30202,31127,61329
43480,89990,133470
55688,30031,85719
87105,60558,147663
44769,47139,91908
20903,98766,119669
38442,62372,100814
45087,82595,127682
31534,32524,64058
13882,61113,74995
75922,7091,83013
73283,36511,109794
50009,17607,67616
33405,98505,131910
38109,25713,63822
76380,55326,131706
67493,1032,68525
89036,51929,140965
60688,86321,147009
41186,69942,111128
79618,26835,106453
29824,88207,118031
5634,96030,101664
97201,67021,164222
92186,54312,146498
29407,75111,104518
98482,70908,169390
20921,76702,97623
94558,23746,118304
28552,82960,111512
98914,80411,179325
87376,19993,107369
72600,8225,80825
93820,55049,148869
46769,20245,67014
98624,73114,171738
2696,2827,5523
20697,75802,96499
88121,37948,126069
19855,73568,93423
64044,42731,106775
93494,85208,178702
13666,21571,35237
50730,89046,139776
1311,30861,32172
3552,35795,39347
23001,28838,51839
49062,59758,108820
49483,14876,64359
6843,63735,70578
47302,70265,117567
32965,37256,70221
5159,7960,13119
76082,6712,82794
87630,12659,100289
60270,11987,72257
64792,18115,82907
73061,76352,149413
86375,39538,125913
53678,30260,83938
68965,4806,73771
65171,7195,72366
24453,34394,58847
21663,62760,84423
46602,41837,88439
170,40558,40728
79593,68244,147837
85380,42815,128195
95271,16500,111771
16570,96,16666
8583,34576,43159
60483,74393,134876
85034,35588,120622
25851,76365,102216
6520,25713,32233
67063,81471,148534
82132,47848,129980
35520,89231,124751
84334,55376,139710
22203,9892,32095
11532,79130,90662
31679,82456,114135
46919,63824,110743
17986,6236,24222
62892,46419,109311
49446,87946,137392
34110,26148,60258
9112,282,9394
27619,32061,59680
99559,73502,173061
79828,67383,147211
67307,19597,86904
57349,75155,132504
51300,9476,60776
16184,80506,96690
76745,92618,169363
62160,37729,99889
90560,92191,182751
48553,17628,66181
40414,308,40722
75498,72931,148429
84882,86569,171451
56375,49381,105756
10194,70099,80293
86344,50855,137199
47058,29975,77033
28730,42926,71656
47664,21963,69627
34467,66928,101395
12727,21447,34174
7057,22318,29375
80990,26283,107273
81897,37349,119246
62649,38569,101218
23644,27254,50898
74001,88352,162353
12893,35549,48442
11213,61073,72286
92937,75374,168311
98395,81757,180152
43358,65831,109189
79728,30953,110681
29022,85557,114579
94981,66910,161891
2364,60465,62829
51531,27453,78984
45018,18892,63910
17361,32586,49947
90856,57509,148365
66452,60855,127307
45779,80363,126142
74522,11991,86513
55992,30944,86936
95916,99875,195791
74166,59169,133335
31288,48863,80151
82198,51195,133393
78018,88978,166996
35823,17658,53481
27741,88559,116300
63315,24931,88246
24824,68063,92887
79565,68831,148396
92216,93409,185625
23340,64429,87769
98003,23297,121300
14736,79896,94632
85616,35481,121097
42899,32897,75796
67981,54265,122246
87957,34476,122433
50293,44846,95139
25683,49752,75435
32811,23755,56566
6892,53159,60051
62965,15590,78555
10629,69265,79894
4181,1283,5464
73895,5689,79584
11586,12315,23901
35816,23172,58988
1438,98292,99730
80270,44804,125074
54035,68255,122290
73902,5805,79707
82194,95955,178149
20155,41939,62094
30455,51933,82388
36936,88855,125791
43430,53372,96802
84853,7041,91894
36880,31730,68610
16790,13377,30167
12980,35075,48055
99005,6774,105779
27045,89496,116541
62859,12564,75423
19998,71084,91082
60179,3323,63502
62600,10840,73440
52756,69011,121767
42141,48455,90596
45381,60315,105696
67910,64512,132422
12367,72382,84749
20349,87995,108344
88449,79807,168256
31635,58200,89835
60913,1544,62457
46871,81518,128389
66970,63503,130473
79014,5879,84893
48616,38474,87090
65659,42469,108128
24341,63923,88264
902,32914,33816
83630,45223,128853
94502,91719,186221
99750,49918,149668
39650,14844,54494
91896,66090,157986
63453,30983,94436
22203,74655,96858
68032,20578,88610
32061,70090,102151
48684,41859,90543
5582,22720,28302
27048,86196,113244
34093,22051,56144
94315,33214,127529
7976,24260,32236
78275,68817,147092
43072,35399,78471
14774,43958,58732
62347,32547,94894
42652,39714,82366
28413,12805,41218
90875,5150,96025
89059,7609,96668
94724,84269,178993
90961,48993,139954
21777,52408,74185
43334,37142,80476
33138,89262,122400
7317,36782,44099
65179,15568,80747
78256,64853,143109
45281,84260,129541
5647,69235,74882
20241,37019,57260
65875,36232,102107
22435,41718,64153
24284,61697,85981
5274,33365,38639
38733,8198,46931
31697,6100,37797
10220,32635,42855
74086,48548,122634
88106,84757,172863
73167,83293,156460
62088,2146,64234
52329,67079,119408
54119,7574,61693
12909,17367,30276
17415,5325,22740
99918,29773,129691
57416,95839,153255
61203,80162,141365
33089,16089,49178
50927,79514,130441
37500,71499,108999
53989,62691,116680
45712,97132,142844
19468,35948,55416
42262,20021,62283
41249,1523,42772
4095,26571,30666
11714,42058,53772
9434,20946,30380
51780,94281,146061
57295,24425,81720
48107,91877,139984
30723,26134,56857
89190,57967,147157
63876,60456,124332
59110,2559,61669
73992,46459,120451
95455,81272,176727
73331,48616,121947
27351,21187,48538
79751,76445,156196
45202,96424,141626
34183,59790,93973
79804,40455,120259
17299,53699,70998
48172,8691,56863
58488,65245,123733
11490,32212,43702
86075,40223,126298
54572,25237,79809
77632,75592,153224
61235,90597,151832
60865,98780,159645
31572,86342,117914
20440,61861,82301
69210,27456,96666
1461,67111,68572
9710,80706,90416
45546,19670,65216
71405,75404,146809
31930,97201,129131
87309,38424,125733
53297,16077,69374
50097,68209,118306
6537,16067,22604
2010,71565,73575
62593,54304,116897
49,94705,94754
59701,35578,95279
2243,72439,74682
89332,26834,116166
83673,33398,117071
90911,42408,133319
93105,59151,152256
71479,18667,90146
52524,64028,116552
49841,33996,83837
67196,64380,131576
67002,27957,94959
148,51217,51365
21019,33716,54735
36980,92087,129067
13717,86443,100160
62281,2797,65078
8914,46569,55483
99990,63824,163814
18189,70536,88725
53806,36660,90466
72516,29638,102154
93760,28743,122503
34146,6189,40335
17749,93106,110855
87139,28745,115884
4290,7329,11619
5390,72071,77461
88409,66609,155018
93709,79604,173313
77386,71755,149141
11680,93554,105234
55583,72069,127652
10703,61294,71997
21142,75214,96356
71638,369,72007
91510,55852,147362
20619,72982,93601
4360,84881,89241
27079,29609,56688
29723,89955,119678
7188,94704,101892
81035,51126,132161
50104,36101,86205
11236,33379,44615
13990,31033,45023
32911,94245,127156
58739,72392,131131
63248,75926,139174
40985,90668,131653
13579,48388,61967
82768,53156,135924
88682,32963,121645
86367,69680,156047
31897,99796,131693
36270,78226,114496
41224,66874,108098
33696,97276,130972
78757,46167,124924
36186,23673,59859
61839,33902,95741
39853,47501,87354
19979,36987,56966
70828,87659,158487
72262,49259,121521
65388,10027,75415
95377,61157,156534
71245,82531,153776
57349,7444,64793
1211,58341,59552
38681,69410,108091
63034,33548,96582
77722,66904,144626
90219,35250,125469
81312,51749,133061
83222,92950,176172
4362,65007,69369
46880,94238,141118
31328,61417,92745
12944,8059,21003
72088,97624,169712
98539,9621,108160
76277,9479,85756
87890,31566,119456
36543,81068,117611
8068,34124,42192
8527,34131,42658
35482,58612,94094
77446,50661,128107
21346,33097,54443
40978,64892,105870
51443,92491,143934
38488,5469,43957
20066,53848,73914
14963,97920,112883
19791,87675,107466
5991,77384,83375
34165,74504,108669
81090,83181,164271
20826,66928,87754
13323,72759,86082
75963,45233,121196
72994,88436,161430
35158,33614,68772
50905,97847,148752
82182,99045,181227
86315,64939,151254
43467,45193,88660
28071,64574,92645
48998,43766,92764
75334,99698,175032
64698,66858,131556
55388,67700,123088
90762,15194,105956
49222,96426,145648
95692,52845,148537
68716,27371,96087
1642,32897,34539
8248,8592,16840
73530,36881,110411
38750,5873,44623
72212,61780,133992
28061,965,29026
55330,6773,62103
57211,62379,119590
77600,39814,117414
39610,5154,44764
72423,49146,121569
30122,7839,37961
35732,7529,43261
75159,18229,93388
29084,25585,54669
39582,45694,85276
6094,82842,88936
92009,54516,146525
59054,2459,61513
13811,46433,60244
95403,61223,156626
948,72311,73259
64289,59685,123974
3432,94943,98375
70525,70293,140818
42908,41639,84547
19200,45981,65181
26226,70911,97137
20222,73720,93942
73488,2508,75996
46285,14694,60979
74874,72860,147734
33849,61271,95120
87129,13055,100184
28859,19896,48755
41158,13563,54721
79719,89797,169516
61475,95536,157011
72964,86367,159331
79278,22120,101398
16048,58412,74460
19631,96437,116068
12844,1545,14389
60541,16571,77112
70281,28000,98281
35382,24857,60239
74394,11399,85793
20322,38769,59091
71956,27352,99308
64834,75619,140453
96076,30742,126818
3183,916,4099
66714,77428,144142
4040,88557,92597
14759,95976,110735
3169,50158,53327
64029,13350,77379
99169,15320,114489
30341,83791,114132
11593,94398,105991
78055,61730,139785
35465,20491,55956
70250,86429,156679
10853,58709,69562
50403,90934,141337
56961,18460,75421
1673,45115,46788
18813,57377,76190
35819,28908,64727
7046,45034,52080
58323,61969,120292
50239,80839,131078
64476,71430,135906
93489,37091,130580
91329,13609,104938
46780,157,46937
84028,74819,158847
89974,39370,129344
65412,38341,103753
62840,23693,86533
31649,26346,57995
12743,31507,44250
83118,99809,182927
4106,81113,85219
6985,55858,62843
64370,9635,74005
59659,27299,86958
22667,38168,60835
45685,90735,136420
40990,94624,135614
9180,60010,69190
81773,3835,85608
37665,61228,98893
50194,1455,51649
27837,7711,35548
72378,89835,162213
58410,25854,84264
99901,31072,130973
78132,47310,125442
11325,66800,78125
33005,79162,112167
4142,32209,36351
82080,7716,89796
98444,26182,124626
45088,29373,74461
65360,34777,100137
23445,42878,66323
80958,73262,154220
30388,89548,119936
24681,52633,77314
59287,55214,114501
37017,60363,97380
99325,21418,120743
66537,74042,140579
21168,38016,59184
66839,16574,83413
74614,12318,86932
44731,57498,102229
68357,10520,78877
7269,70541,77810
5054,78553,83607
27547,26039,53586
65764,16337,82101
53533,13353,66886
61710,47971,109681
41861,11111,52972
41616,93161,134777
12811,41999,54810
28775,92057,120832
87524,1985,89509
47547,61867,109414
52935,79926,132861
82354,17458,99812
37899,94292,132191
21083,76717,97800
7627,13968,21595
34182,81329,115511
68629,33400,102029
63234,82353,145587
86799,39477,126276
18822,19157,37979
34796,78498,113294
25501,87090,112591
59140,71669,130809
97436,87667,185103
58330,18644,76974
37787,65173,102960
24896,57517,82413
84715,71119,155834
80472,9332,89804
29479,11465,40944
18813,1171,19984
6120,83034,89154
1738,32523,34261
91243,71929,163172
92386,63406,155792
70512,59724,130236
86045,78121,164166
84914,35912,120826
30032,85726,115758
32712,88428,121140
66430,92568,158998
66970,36607,103577
20813,51086,71899
17142,65905,83047
51736,35207,86943
23200,12378,35578
41607,20314,61921
76013,23554,99567
61517,4530,66047
18544,84215,102759
92387,14979,107366
43655,45373,89028
51264,44351,95615
6834,39210,46044
2751,85978,88729
62263,11132,73395
58106,10627,68733
64666,46984,111650
47512,67524,115036
40146,45827,85973
7455,32055,39510
20541,57574,78115
36007,76416,112423
74264,86661,160925
92784,36686,129470
15556,97011,112567
90158,33724,123882
5735,16527,22262
41140,55498,96638
75319,89856,165175
78601,69876,148477
45394,71142,116536
38884,31745,70629
53980,3838,57818
83660,64108,147768
10182,13743,23925
54599,82965,137564
43229,20569,63798
98281,63434,161715
60335,65468,125803
81514,72432,153946
88820,14372,103192
5044,72438,77482
89928,81129,171057
24534,71563,96097
91470,9564,101034
4226,23423,27649
17619,80537,98156
837,17666,18503
44262,75990,120252
88071,53781,141852
17443,25660,43103
48534,11307,59841
60483,16271,76754
28181,77177,105358
90686,16731,107417
82954,82794,165748
31917,98348,130265
55749,59924,115673
96422,38513,134935
95204,59059,154263
22803,65366,88169
78348,32327,110675
4939,10010,14949
43313,79213,122526
45872,64894,110766
89805,98339,188144
37216,64425,101641
49089,84530,133619
99079,17359,116438
76353,48907,125260
97035,86579,183614
14703,21409,36112
44238,39489,83727
58816,8391,67207
16804,94549,111353
17846,26160,44006
13587,78162,91749
38894,86945,125839
45274,89586,134860
2261,55824,58085
61044,57279,118323
5441,40663,46104
41136,97024,138160
10005,31045,41050
72807,64288,137095
71231,4779,76010
53882,61611,115493
85575,77359,162934
97555,50164,147719
79924,87325,167249
37842,70342,108184
26782,96332,123114
63175,78515,141690
6088,76093,82181
92147,10926,103073
39798,975,40773
9288,3495,12783
32173,15051,47224
26750,16641,43391
28534,95331,123865
31424,43959,75383
59048,84905,143953
16481,38065,54546
45537,63059,108596
77621,71144,148765
38021,25281,63302
63205,90974,154179
80304,21908,102212
1839,41573,43412
54284,7072,61356
55445,663,56108
43193,81804,124997
87988,30578,118566
47090,75097,122187
11492,99796,111288
53322,77421,130743
71343,12916,84259
84190,19409,103599
33646,63408,97054
13588,68064,81652
68179,33563,101742
25829,19942,45771
98562,71869,170431
87670,15450,103120
82412,51114,133526
15829,66952,82781
65654,82809,148463
58035,39479,97514
79965,36462,116427
23187,72126,95313
5370,84904,90274
18421,32509,50930
15090,32367,47457
97452,3139,100591
58802,11186,69988
26458,60643,87101
27020,35227,62247
75185,49533,124718
94510,17043,111553
94447,48422,142869
83048,57342,140390
29368,28568,57936
87237,80822,168059
78305,44223,122528
15892,86361,102253
72533,79486,152019
11994,10214,22208
75337,10851,86188
26822,83558,110380
37770,6781,44551
49702,91413,141115
30938,39421,70359
4409,93480,97889
5525,32652,38177
39019,57456,96475
74208,55979,130187
34825,939,35764
10728,33984,44712
62019,82436,144455
66707,76674,143381
46185,51384,97569
60947,65834,126781
94419,74424,168843
20300,14516,34816
33160,26021,59181
70154,24795,94949
81904,47935,129839
68269,30198,98467
80683,16501,97184
25250,38345,63595
45750,91759,137509
61471,90645,152116
17767,9814,27581
88173,4171,92344
82874,86519,169393
21706,54546,76252
50831,85381,136212
70695,18640,89335
62205,29464,91669
90582,57538,148120
18842,6691,25533
967,58726,59693
66725,24030,90755
7039,63535,70574
64137,87357,151494
7466,29736,37202
38922,74254,113176
76574,86886,163460
68695,28839,97534
53006,77686,130692
62224,46421,108645
68808,20463,89271
303,35666,35969
86119,57359,143478
85338,41288,126626
46474,87173,133647
89609,31996,121605
51797,28826,80623
80202,91001,171203
51642,72469,124111
80425,97230,177655
21555,80815,102370
33056,38646,71702
2383,77438,79821
95364,12725,108089
9855,3218,13073
92778,33158,125936
59513,80690,140203
50281,288,50569
72089,92525,164614
77893,72684,150577
25953,82614,108567
15126,1871,16997
29726,17341,47067
85127,92142,177269
12110,79403,91513
80538,94049,174587
12415,72276,84691
3619,25322,28941
92288,3287,95575
46005,52983,98988
27461,87169,114630
47286,27641,74927
62421,78463,140884
14051,61540,75591
55394,52721,108115
97098,23972,121070
76065,66979,143044
34610,66929,101539
81062,51768,132830
90691,22693,113384
8113,13716,21829
6417,17580,23997
95308,89052,184360
77894,28678,106572
30542,56159,86701
67334,73192,140526
9970,26452,36422
20722,9226,29948
41261,80722,121983
33822,65443,99265
87529,22240,109769
39523,14015,53538
15379,21877,37256
4326,40892,45218
63445,88274,151719
92269,94617,186886
39484,39867,79351
576,23681,24257
65904,85357,151261
10254,32470,42724
70337,32914,103251
83267,82166,165433
65474,24781,90255
22101,85029,107130
96089,24032,120121
93501,61943,155444
46375,63455,109830
32916,80916,113832
16051,43186,59237
25114,69757,94871
7074,73618,80692
63489,58174,121663
54887,76833,131720
30313,77016,107329
38455,27208,65663
56232,13938,70170
35036,85942,120978
69907,3372,73279
30600,33193,63793
19623,61812,81435
69936,94452,164388
47027,48991,96018
43157,83588,126745
21707,55566,77273
31048,33045,64093
36928,10792,47720
98906,76629,175535
2051,98195,100246
44229,72908,117137
94307,11945,106252
41584,18460,60044
76010,34693,110703
30421,7376,37797
45127,57060,102187
45235,48504,93739
27626,33926,61552
40507,29617,70124
31893,99246,131139
18982,42594,61576
80534,14070,94604
16194,57007,73201
29392,92921,122313
27151,87346,114497
84668,70906,155574
63275,47045,110320
90224,78522,168746
2285,23716,26001
32868,80338,113206
29651,17463,47114
87966,94924,182890
82271,98511,180782
29665,39344,69009
53060,20761,73821
5370,41684,47054
10706,69395,80101
28287,32250,60537
28073,59200,87273
38184,24774,62958
398,54427,54825
45060,69285,114345
23336,3156,26492
88368,40892,129260
86998,73090,160088
74409,71976,146385
6273,56417,62690
10128,4797,14925
88458,57178,145636
58605,62789,121394
55566,52478,108044
43945,15245,59190
31227,80051,111278
72856,80161,153017
25330,21624,46954
64248,40760,105008
25013,11531,36544
14831,26907,41738
23739,95591,119330
81810,37689,119499
10323,38343,48666
26453,77188,103641
76252,86607,162859
15239,52787,68026
13979,37120,51099
95989,43660,139649
53498,45830,99328
85205,3298,88503
50077,26232,76309
90406,53327,143733
85302,81585,166887
44108,18417,62525
79583,10832,90415
28742,21252,49994
61194,92141,153335
39595,49886,89481
36456,90951,127407
64965,92765,157730
40907,64930,105837
86200,48351,134551
62565,55199,117764
99495,67140,166635
59703,27940,87643
97304,89171,186475
16025,63879,79904
64446,41711,106157
30181,87047,117228
71495,44674,116169
96980,95374,192354
5371,73351,78722
89177,90051,179228
48474,92634,141108
34858,46446,81304
40715,54437,95152
85720,29274,114994
61521,5680,67201
42633,975,43608
1926,9174,11100
75824,9083,84907
42260,86835,129095
96043,85626,181669
79049,13540,92589
78314,59072,137386
27540,95181,122721
20701,51166,71867
56575,67652,124227
45376,33790,79166
85406,47472,132878
36294,46375,82669
23847,97319,121166
56387,50257,106644
43723,46683,90406
6961,87609,94570
34132,28397,62529
55984,21156,77140
41050,20549,61599
37361,10395,47756
21130,36962,58092
94255,29526,123781
59249,50869,110118
40269,75955,116224
13626,79150,92776
71966,4895,76861
28577,58277,86854
24792,13937,38729
53532,32176,85708
66590,16641,83231
11447,19170,30617
33472,19357,52829
21979,79902,101881
89156,89105,178261
61166,23510,84676
37308,55199,92507
64068,14439,78507
24196,73438,97634
69377,55601,124978
30957,82832,113789
92787,95293,188080
82757,87969,170726
1456,96205,97661
31047,65786,96833
57168,50098,107266
29523,12063,41586
41212,68375,109587
88127,36296,124423
22804,21423,44227
82728,7650,90378
92545,7293,99838
97955,21927,119882
31620,34398,66018
81727,13214,94941
41838,2490,44328
66949,66673,133622
79333,34860,114193
35831,9580,45411
39591,51244,90835
76419,87246,163665
72519,86318,158837
35990,28958,64948
82237,15537,97774
54057,69620,123677
5405,29937,35342
69589,13823,83412
75384,40489,115873
24791,97163,121954
41832,76642,118474
63938,82,64020
2844,42625,45469
34987,53262,88249
96671,43434,140105
82096,12189,94285
46596,34035,80631
53420,57705,111125
37344,9773,47117
16082,2694,18776
1651,7718,9369
85397,68158,153555
53077,8839,61916
62073,39120,101193
68804,62928,131732
83563,11708,95271
6048,35681,41729
26665,48854,75519
7647,79568,87215
91410,75765,167175
42253,57745,99998
1886,55112,56998
65192,64238,129430
94592,24086,118678
72224,61069,133293
72849,5248,78097
21102,73446,94548
38696,55603,94299
1508,8839,10347
17407,1044,18451
2663,48907,51570
44255,59258,103513
3671,97451,101122
4206,2895,7101
46681,91778,138459
53462,48712,102174
27360,35199,62559
1047,53720,54767
86732,44734,131466
98700,31601,130301
55669,51214,106883
85442,4244,89686
85006,69341,154347
78545,20286,98831
18923,10468,29391
45896,98175,144071
74561,25011,99572
74522,80527,155049
85426,44868,130294
85925,82581,168506
35872,12026,47898
60090,16098,76188
40310,35256,75566
44954,14547,59501
1957,84394,86351
93119,28390,121509
10947,41785,52732
84187,56919,141106
65576,39039,104615
75726,47157,122883
76762,52985,129747
17276,62559,79835
87358,85002,172360
18583,66803,85386
4646,57986,62632
39792,77135,116927
84422,45777,130199
34716,30936,65652
3570,31756,35326
31038,47581,78619
20760,59090,79850
66616,5299,71915
77768,67468,145236
31273,40822,72095
42879,23700,66579
70773,64161,134934
97336,7128,104464
90518,73305,163823
29196,92534,121730
17356,10526,27882
54431,18255,72686
51235,31947,83182
28534,58556,87090
88184,2676,90860
6018,616,6634
34019,43163,77182
30790,30674,61464
86581,91383,177964
22028,24473,46501
93912,59392,153304
9833,35820,45653
22307,51830,74137
91787,1822,93609
48222,76784,125006
78481,10502,88983
657,46569,47226
71598,14565,86163
87440,12959,100399
82858,22130,104988
12307,98945,111252
85529,40732,126261
58200,45974,104174
40628,37296,77924
58699,58108,116807
99008,81176,180184
72948,35631,108579
18593,6247,24840
918,14420,15338
21476,61289,82765
65173,84630,149803
70164,50323,120487
35223,72708,107931
5831,54740,60571
37519,76917,114436
39317,74667,113984
62668,83994,146662
87900,47198,135098
95211,78060,173271
23162,78773,101935
78473,7810,86283
33128,71431,104559
90868,51378,142246
64003,52200,116203
24827,51299,76126
7581,27396,34977
45656,95722,141378
34086,27862,61948
34563,7212,41775
27973,4035,32008
51380,16398,67778
84831,63197,148028
62463,78560,141023
90409,33385,123794
98820,80869,179689
48612,26190,74802
62096,90299,152395
62409,4967,67376
74288,80394,154682
86658,93991,180649
8080,67432,75512
70882,87866,158748
22581,81557,104138
8867,59762,68629
4367,97233,101600
84918,48262,133180
3917,79132,83049
25073,21862,46935
50786,24412,75198
21478,73508,94986
56963,68195,125158
48624,98761,147385
82024,26475,108499
11312,18111,29423
73151,61590,134741
64129,39461,103590
10136,46063,56199
73149,45475,118624
44863,93350,138213
24970,21309,46279
5009,33426,38435
39806,26768,66574
44779,83790,128569
26356,90099,116455
86291,32697,118988
95146,38033,133179
36266,92038,128304
18956,23155,42111
94818,12842,107660
36704,99781,136485
92142,76090,168232
97651,83502,181153
61870,65424,127294
77972,71315,149287
53207,31558,84765
60064,59493,119557
37419,66787,104206
80284,55638,135922
35093,11530,46623
83133,11643,94776
29037,79768,108805
88119,78753,166872
59407,99896,159303
41749,31972,73721
9766,29665,39431
77808,5624,83432
68927,16148,85075
6655,809,7464
57972,10151,68123
11482,86518,98000
51048,43185,94233
96294,45599,141893
91806,31313,123119
79975,71836,151811
44314,24742,69056
28711,16410,45121
26511,21607,48118
30886,73571,104457
98452,10120,108572
95468,18697,114165
84091,89845,173936
75912,47814,123726
25002,20296,45298
12223,83423,95646
36250,49534,85784
25982,73604,99586
60862,2517,63379
67303,44007,111310
67004,96502,163506
82468,13711,96179
77285,77818,155103
73528,98310,171838
15287,81001,96288
27176,88212,115388
7133,39255,46388
9987,32273,42260
85316,35548,120864
72687,79633,152320
59492,14887,74379
97499,35301,132800
10790,74560,85350
89672,32027,121699
21005,21409,42414
2878,98765,101643
44151,50701,94852
46809,51366,98175
40170,77762,117932
23175,11693,34868
4218,30167,34385
5911,40448,46359
49174,45402,94576
11068,16096,27164
38946,67059,106005
42809,40750,83559
95129,36848,131977
3846,64150,67996
73212,90949,164161
79196,29924,109120
1388,49742,51130
62832,88314,151146
10186,80652,90838
16156,16682,32838
68537,95378,163915
8782,23915,32697
89686,6147,95833
69415,26572,95987
70935,10412,81347
89426,32689,122115
19325,66056,85381
37943,34217,72160
26611,82238,108849
79767,40716,120483
73594,27917,101511
84840,2789,87629
44796,4000,48796
34121,11143,45264
93507,86867,180374
74219,1963,76182
69546,24088,93634
57596,77390,134986
69767,15767,85534
29597,32680,62277
70309,35454,105763
699,42013,42712
52724,13349,66073
45343,39481,84824
60967,2887,63854
77685,10114,87799
77570,99612,177182
84218,54373,138591
72070,34392,106462
31129,24587,55716
25451,39878,65329
864,90118,90982
28722,7184,35906
64280,27506,91786
43681,64366,108047
22542,74498,97040
12271,98607,110878
73130,45300,118430
56838,17017,73855
99987,39736,139723
57191,52,57243
75406,96664,172070
4911,94680,99591
32258,29701,61959
88996,61597,150593
15696,89951,105647
96343,51188,147531
90846,90964,181810
46532,92958,139490
18925,28565,47490
87325,98605,185930
32156,73930,106086
18722,5365,24087
30709,66341,97050
99184,27495,126679
21386,18607,39993
82322,38573,120895
77203,17491,94694
61896,81494,143390
69714,33134,102848
91094,71540,162634
46355,83480,129835
87827,37881,125708
19248,30055,49303
87156,94602,181758
5365,46359,51724
66979,56865,123844
56099,92643,148742
1229,20729,21958
80477,5407,85884
51306,3668,54974
85051,6844,91895
89254,68106,157360
20853,27278,48131
62237,6715,68952
42055,77854,119909
56496,96003,152499
86037,82214,168251
28955,91094,120049
50979,46723,97702
33341,2342,35683
20390,42065,62455
58895,66795,125690
65161,66751,131912
32016,3079,35095
13693,34885,48578
84962,39060,124022
18957,76895,95852
34279,60308,94587
18848,14495,33343
1091,33710,34801
65016,50735,115751
82730,64335,147065
78649,93205,171854
79311,59859,139170
31002,38375,69377
77218,65106,142324
92038,25279,117317
55777,38069,93846
23698,59718,83416
49615,56648,106263
90,21657,21747
50167,41016,91183
91117,66082,157199
39893,25169,65062
1444,11241,12685
85983,78382,164365
53553,33538,87091
18063,59771,77834
95394,2198,97592
64751,84935,149686
95871,35966,131837
72872,5342,78214
15383,76531,91914
76161,16389,92550
34275,44122,78397
89927,13124,103051
52364,92990,145354
72681,24268,96949
14720,57560,72280
60138,71268,131406
34865,29719,64584
85492,85335,170827
91488,66358,157846
7413,73043,80456
78709,35406,114115
65550,11484,77034
67007,28442,95449
1741,26415,28156
14739,65919,80658
21392,46166,67558
46269,56787,103056
50701,20535,71236
11580,49564,61144
12286,90327,102613
64143,39999,104142
12503,26366,38869
70339,32220,102559
67186,47485,114671
63904,44759,108663
50058,4459,54517
45431,57434,102865
87970,87463,175433
56084,53784,109868
87134,96549,183683
99707,38166,137873
41656,78310,119966
78273,99057,177330
19242,85313,104555
52355,765,53120
68060,19781,87841
56947,70979,127926
69390,5179,74569
30057,49630,79687
39268,27701,66969
67475,42930,110405
88700,7616,96316
80028,54770,134798
45758,11363,57121
90468,50485,140953
77703,63407,141110
12245,36637,48882
17637,27446,45083
63949,80689,144638
1456,23848,25304
5218,82348,87566
87965,17498,105463
94458,19302,113760
71196,70156,141352
97401,50758,148159
5403,10292,15695
63800,65214,129014
67073,82472,149545
13860,66732,80592
93071,58349,151420
47841,81817,129658
28431,63633,92064
56092,43455,99547
85414,57892,143306
73792,81470,155262
20822,59641,80463
58133,15985,74118
76396,48918,125314
71532,99866,171398
39189,42645,81834
34888,80325,115213
63087,8304,71391
85539,25886,111425
91977,18651,110628
67318,70076,137394
45764,10057,55821
89323,28689,118012
54772,3385,58157
57664,70475,128139
93464,52855,146319
2081,84918,86999
99853,29931,129784
24293,90103,114396
51931,61189,113120
1983,47172,49155
74084,90232,164316
20033,49287,69320
3256,81262,84518
36224,40947,77171
15398,4900,20298
63378,31049,94427
62123,90994,153117
14933,46230,61163
36430,42364,78794
78572,82668,161240
153,27411,27564
68047,42505,110552
55601,88503,144104
93717,55795,149512
10109,86309,96418
83090,34752,117842
35080,33958,69038
88368,28797,117165
19997,23428,43425
29724,29097,58821
59844,33307,93151
26276,33071,59347
46362,99307,145669
55346,40965,96311
58109,25850,83959
35099,3117,38216
99582,60051,159633
58298,93636,151934
49275,59848,109123
41074,89204,130278
10388,68904,79292
37884,53657,91541
60013,68860,128873
94906,94021,188927
92121,86114,178235
89634,24441,114075
76649,20653,97302
59954,51952,111906
21576,1624,23200
5087,21751,26838
26722,20888,47610
71584,16687,88271
28512,73618,102130
41523,11772,53295
53330,72568,125898
49291,80194,129485
66313,9415,75728
73612,68787,142399
26592,80861,107453
84170,88370,172540
49595,70359,119954
37550,2926,40476
78340,84035,162375
81545,20161,101706
83763,39773,123536
11542,47304,58846
92989,67681,160670
38129,82152,120281
2509,79222,81731
16392,6397,22789
18335,89666,108001
97817,55779,153596
48815,80373,129188
74608,19725,94333
58030,35188,93218
58709,75715,134424
88711,68871,157582
40203,36740,76943
13285,75348,88633
94587,55799,150386
35920,70568,106488
80233,33284,113517
40560,89447,130007
81810,36005,117815
19370,74649,94019
98221,11456,109677
85773,21901,107674
41281,91478,132759
98138,34825,132963
61852,50931,112783
20730,49922,70652
94959,4313,99272
44130,92616,136746
66392,50484,116876
88377,37144,125521
42248,39205,81453
54506,5558,60064
9783,61839,71622
95842,77958,173800
32442,43552,75994
41642,35855,77497
32492,95580,128072
12098,94863,106961
88599,3656,92255
67624,65289,132913
30446,82813,113259
52527,66475,119002
60658,87685,148343
37025,83224,120249
5297,50043,55340
23750,23310,47060
47678,20345,68023
2131,64054,66185
21999,52475,74474
68925,48230,117155
78272,38208,116480
67900,52717,120617
54404,46739,101143
31732,54073,85805
61721,67872,129593
79903,57776,137679
24929,29093,54022
4006,91115,95121
92683,59944,152627
80091,30456,110547
39489,19153,58642
4636,96217,100853
2792,26236,29028
51152,18674,69826
98480,34276,132756
75070,7660,82730
96973,97261,194234
55496,52817,108313
11960,39020,50980
94644,84109,178753
29447,45871,75318
69028,56893,125921
82590,2162,84752
23762,51708,75470
10851,25170,36021
40103,26334,66437
56228,47549,103777
91745,31537,123282
80592,9221,89813
41073,20219,61292
97390,90963,188353
66449,89577,156026
24771,31978,56749
29441,72752,102193
43203,97048,140251
4388,1400,5788
47173,28889,76062
52533,45535,98068
98558,31643,130201
78850,87002,165852
71401,47833,119234
59819,50161,109980
48750,96704,145454
67258,87915,155173
83478,85678,169156
99821,53150,152971
82855,99688,182543
10889,4234,15123
99312,40721,140033
10882,44853,55735
58889,40122,99011
4420,27992,32412
7512,24602,32114
19481,31104,50585
85377,87111,172488
64370,64691,129061
94982,76362,171344
74390,10629,85019
59955,50407,110362
65303,35083,100386
64668,83502,148170
86677,12723,99400
13164,30854,44018
85665,80146,165811
52502,30384,82886
7110,35591,42701
52814,86681,139495
34093,59320,93413
48630,74078,122708
87590,89049,176639
93193,8419,101612
54461,93049,147510
64422,64895,129317
40383,81461,121844
56687,43168,99855
38883,39818,78701
27797,360,28157
64153,55620,119773
42286,89057,131343
2275,55540,57815
13579,65467,79046
5320,27519,32839
39042,1757,40799
51912,37303,89215
34560,21179,55739
20313,24060,44373
18017,94404,112421
73638,75594,149232
80789,10496,91285
73344,55002,128346
18808,38763,57571
82294,18519,100813
74186,5052,79238
49453,11866,61319
66417,56017,122434
11622,79190,90812
29362,6342,35704
11180,4687,15867
91579,86125,177704
78895,87622,166517
7682,98778,106460
94767,92682,187449
2216,64308,66524
89703,11745,101448
54890,54947,109837
72659,46755,119414
17128,45909,63037
48363,4060,52423
85119,9522,94641
78308,71001,149309
59991,74959,134950
88791,42931,131722
40518,38180,78698
48435,64186,112621
92408,69969,162377
84370,30379,114749
24370,69656,94026
50551,36211,86762
7538,79171,86709
31429,98484,129913
9760,37578,47338
93089,14577,107666
15587,47700,63287
51706,78510,130216
82003,81243,163246
93547,62416,155963
21459,44141,65600
86833,90147,176980
27552,25724,53276
10900,89101,100001
55413,80113,135526
89164,29921,119085
56592,68341,124933
95862,74294,170156
6842,29233,36075
6384,62114,68498
73730,60984,134714
17987,11769,29756
27665,30259,57924
86477,54604,141081
29597,99806,129403
15401,29603,45004
95241,17659,112900
94974,25062,120036
59580,27036,86616
35947,55814,91761
54209,92375,146584
51621,13702,65323
3717,92973,96690
73420,39190,112610
63270,28376,91646
77574,12941,90515
82714,26939,109653
45211,68855,114066
39589,67606,107195
20460,11445,31905
62955,27753,90708
20196,45700,65896
94273,8817,103090
96237,32946,129183
2468,79937,82405
27389,20439,47828
58216,44515,102731
20802,32194,52996
54327,57739,112066
71831,62445,134276
6322,49970,56292
65929,57035,122964
68125,39418,107543
35746,39513,75259
84738,45486,130224
98173,77123,175296
53771,64397,118168
36790,7623,44413
13221,57369,70590
27603,21295,48898
722,87565,88287
1509,3547,5056
69288,866,70154
30977,41008,71985
34545,74352,108897
31168,12194,43362
15061,64898,79959
30794,39448,70242
36535,67395,103930
11582,5617,17199
14339,93551,107890
31973,24292,56265
34880,62934,97814
81188,3318,84506
27588,92492,120080
66108,4766,70874
53820,87935,141755
82445,51752,134197
13897,34356,48253
82379,5935,88314
47649,95809,143458
14315,87423,101738
3596,4987,8583
16130,14275,30405
84435,1926,86361
73843,8563,82406
11192,66833,78025
64469,3799,68268
95349,26152,121501
63929,44847,108776
98166,32298,130464
81708,14717,96425
57184,19172,76356
28630,15732,44362
64464,31273,95737
1474,98967,100441
11447,58285,69732
85788,3269,89057
87784,9176,96960
54841,50356,105197
3372,98987,102359
8475,59107,67582
81666,77203,158869
79480,83223,162703
742,63170,63912
50939,67476,118415
17393,82654,100047
43564,49269,92833
1016,59437,60453
73352,67633,140985
19396,632,20028
30272,12875,43147
83734,28782,112516
49665,36709,86374
78847,53469,132316
69466,57710,127176
15112,52106,67218
90882,83590,174472
36776,29789,66565
44520,36370,80890
26181,75191,101372
5367,57904,63271
8882,55863,64745
39194,6973,46167
96007,71613,167620
28002,76912,104914
58897,17555,76452
85334,99860,185194
1232,39507,40739
9837,75761,85598
95860,57623,153483
10002,23051,33053
2301,304,2605
58297,65846,124143
24759,46276,71035
15596,60832,76428
21907,8205,30112
12845,79407,92252
55251,94923,150174
66441,34162,100603
35506,56804,92310
77006,55793,132799
63503,25959,89462
4902,9689,14591
92364,73668,166032
21360,28831,50191
53854,40364,94218
61599,61541,123140
24323,34450,58773
20092,94947,115039
21971,22878,44849
15937,25540,41477
1600,19621,21221
39545,98683,138228
18449,62907,81356
10672,86059,96731
45096,95018,140114
88685,1367,90052
52660,24390,77050
64733,85279,150012
60927,34865,95792
65162,44574,109736
93272,67108,160380
99897,40348,140245
56368,67127,123495
56151,45877,102028
41882,58496,100378
25936,45479,71415
13184,54860,68044
59632,86668,146300
61767,43354,105121
48776,13825,62601
19661,81805,101466
12923,68244,81167
27912,32298,60210
34138,56147,90285
21827,6876,28703
7388,56364,63752
83230,16116,99346
26747,25043,51790
70053,60504,130557
53574,45180,98754
78114,94161,172275
66058,86820,152878
21303,97364,118667
92865,61961,154826
86964,90678,177642
80625,87568,168193
11255,70586,81841
17941,22881,40822
7396,20428,27824
6918,32181,39099
24869,28528,53397
14903,12232,27135
85049,16550,101599
66437,41280,107717
33726,24881,58607
85473,19400,104873
89962,97230,187192
55522,42537,98059
51890,49395,101285
18066,1668,19734
16045,80680,96725
48950,12362,61312
35235,10102,45337
29897,12977,42874
76310,29259,105569
83503,17947,101450
9740,88757,98497
33457,95562,129019
57328,56102,113430
43209,89873,133082
54970,66081,121051
20144,76017,96161
39365,76559,115924
60902,98001,158903
30735,4479,35214
43828,27235,71063
14422,25399,39821
67727,31773,99500
96927,41176,138103
99735,38508,138243
11558,85124,96682
82872,66672,149544
89572,40919,130491
44159,51414,95573
41551,78468,120019
85959,18095,104054
49624,15597,65221
75110,4700,79810
26270,53155,79425
2076,87629,89705
7523,22198,29721
19799,45051,64850
31776,98255,130031
67360,62346,129706
86061,86963,173024
9294,46412,55706
704,65739,66443
2458,80170,82628
71697,29458,101155
73174,40734,113908
13606,33534,47140
50834,75111,125945
51901,37860,89761
31203,32961,64164
77337,88479,165816
93183,9770,102953
17000,72441,89441
83782,81171,164953
77289,59860,137149
36859,77126,113985
90764,71202,161966
7067,27430,34497
62868,76067,138935
72852,40767,113619
52947,32385,85332
30315,49672,79987
17614,26207,43821
30030,79400,109430
68907,31114,100021
50802,10505,61307
94512,2065,96577
56994,63373,120367
4532,22175,26707
99214,32566,131780
51234,55185,106419
3358,14313,17671
20570,28894,49464
22084,37560,59644
3559,70993,74552
36877,73516,110393
11186,75144,86330
75231,95597,170828
99342,81933,181275
78603,55973,134576
62306,29370,91676
7554,66194,73748
37587,92790,130377
47467,83273,130740
47398,28122,75520
10003,91174,101177
13720,55149,68869
56003,36275,92278
57517,15889,73406
18826,40220,59046
54104,34627,88731
72947,29540,102487
98634,16592,115226
13617,91295,104912
8461,86447,94908
90764,26099,116863
1397,9299,10696
95519,93459,188978
70240,34060,104300
46497,71348,117845
45210,15562,60772
8585,16280,24865
36322,72446,108768
52340,12513,64853
6520,58964,65484
73347,73172,146519
3604,53915,57519
85003,24515,109518
73829,93216,167045
19805,96621,116426
70056,22922,92978
33242,30822,64064
18575,98532,117107
9101,1627,10728
36300,50123,86423
90732,73565,164297
3446,45565,49011
86813,78727,165540
57709,854,58563
24063,68098,92161
29824,90262,120086
87139,97699,184838
77159,59020,136179
54627,15883,70510
57278,98602,155880
69416,42290,111706
46174,73550,119724
78287,43574,121861
42068,2869,44937
89283,99307,188590
57896,15081,72977
68925,77872,146797
269,25945,26214
32225,51683,83908
43670,9849,53519
8846,79820,88666
39640,10211,49851
45656,83070,128726
89360,67494,156854
93915,49247,143162
5625,65869,71494
9256,8158,17414
30850,15655,46505
640,9186,9826
63957,65765,129722
16836,70989,87825
34842,97208,132050
15356,28221,43577
21726,33281,55007
27404,55852,83256
45617,22881,68498
72050,98071,170121
57503,33698,91201
73539,24057,97596
40247,13156,53403
18628,86136,104764
41830,51504,93334
44908,87069,131977
20302,2469,22771
45471,88106,133577
39848,19916,59764
44613,85532,130145
21359,91343,112702
3159,15283,18442
54351,63199,117550
59782,43972,103754
2683,95069,97752
253,70290,70543
73379,30833,104212
97894,4835,102729
45765,75420,121185
29125,56193,85318
60839,10689,71528
31061,92245,123306
91799,58988,150787
63400,55717,119117
39516,93610,133126
24019,32435,56454
47004,21801,68805
18775,63177,81952
75595,44035,119630
91701,57739,149440
5989,49909,55898
10179,20698,30877
97059,99279,196338
51943,1296,53239
77566,15431,92997
34918,73148,108066
2110,54936,57046
81384,70628,152012
39827,11803,51630
49361,83896,133257
58594,30521,89115
81311,30080,111391
51966,65044,117010
42584,38887,81471
95305,53435,148740
46400,56763,103163
20753,71826,92579
20934,60280,81214
97863,27749,125612
64698,16662,81360
44927,11304,56231
76449,41700,118149
13542,54283,67825
52012,29111,81123
98981,50732,149713
13666,10491,24157
87924,41766,129690
89140,59137,148277
23353,55951,79304
3740,66629,70369
85171,98588,183759
25305,87288,112593
28122,43498,71620
24016,48542,72558
45332,3741,49073
20290,80570,100860
31766,44527,76293
16296,61315,77611
66233,14630,80863
71262,12961,84223
29556,93223,122779
56426,53769,110195
80517,10284,90801
75596,7810,83406
33629,12364,45993
52096,6528,58624
5110,43608,48718
10370,49109,59479
82056,31861,113917
12856,4491,17347
28961,33996,62957
57958,67063,125021
41127,80692,121819
93663,15384,109047
47613,40577,88190
48955,16031,64986
74907,46613,121520
7785,18232,26017
66193,74028,140221
87471,8333,95804
90759,41783,132542
87303,57707,145010
43915,74037,117952
13552,8689,22241
90062,60276,150338
11724,31383,43107
83905,31103,115008
72303,30348,102651
24233,55505,79738
42057,55713,97770
34549,62862,97411
53903,21289,75192
98378,73413,171791
63015,91009,154024
54660,49330,103990
37834,46286,84120
77653,96422,174075
93376,94121,187497
99599,71090,170689
84662,57351,142013
1734,6403,8137
39459,32973,72432
30783,18391,49174
29991,63725,93716
52089,33500,85589
59360,14840,74200
42406,6181,48587
20804,21019,41823
17254,62464,79718
93257,60387,153644
20693,80273,100966
69437,58364,127801
19484,14191,33675
59826,11756,71582
86469,10891,97360
82256,54994,137250
79921,60491,140412
77129,28144,105273
46854,86424,133278
12129,97734,109863
10731,47334,58065
16905,72126,89031
44290,43035,87325
55768,25006,80774
48485,69716,118201
30049,22257,52306
50621,93781,144402
70900,25829,96729
11929,16508,28437
73311,37976,111287
55069,533,55602
44744,5261,50005
41368,39387,80755
96125,68343,164468
52363,65669,118032
61315,98926,160241
83438,13637,97075
91634,37466,129100
44289,66385,110674
6187,61215,67402
60846,9986,70832
93696,67819,161515
11146,18681,29827
65030,90781,155811
72275,64176,136451
95707,30837,126544
21658,88919,110577
97069,14761,111830
10836,65024,75860
98120,94934,193054
14807,25495,40302
22098,92589,114687
13830,36489,50319
39043,43485,82528
87659,26144,113803
12557,93492,106049
24185,69687,93872
56120,59236,115356
68987,72404,141391
33807,1927,35734
72114,37334,109448
76615,93213,169828
22008,89878,111886
14320,77664,91984
36751,25056,61807
18382,34922,53304
11618,47432,59050
10169,83121,93290
76458,99779,176237
10384,49726,60110
97657,10477,108134
99463,71929,171392
23532,4653,28185
53661,26291,79952
32744,84314,117058
71817,66945,138762
49565,50607,100172
95350,56440,151790
13960,35867,49827
52202,40836,93038
6161,35929,42090
93825,15845,109670
71305,31648,102953
92762,3595,96357
58536,87445,145981
75870,23190,99060
20464,65676,86140
48894,52471,101365
90325,98021,188346
89976,94257,184233
25927,14213,40140
22564,89276,111840
71992,75117,147109
35825,87969,123794
61692,20029,81721
61666,39286,100952
65224,28829,94053
93019,98368,191387
97672,88339,186011
48335,58102,106437
42874,72511,115385
58294,68991,127285
96826,1478,98304
61510,15709,77219
75776,27655,103431
18908,13797,32705
21108,73715,94823
54547,51306,105853
54369,75883,130252
80785,68254,149039
35887,28366,64253
77681,18556,96237
14344,92497,106841
2656,80080,82736
54815,22291,77106
58302,38537,96839
47691,99157,146848
57234,61611,118845
20552,61226,81778
5161,38083,43244
81782,85056,166838
90650,36129,126779
71298,35333,106631
827,73042,73869
33927,94189,128116
84817,5083,89900
94897,7498,102395
99470,48936,148406
23840,40981,64821
27872,60929,88801
68775,32122,100897
6040,23703,29743
93609,24406,118015
31488,96422,127910
29042,55609,84651
18051,17763,35814
34687,45882,80569
32097,2176,34273
60979,68105,129084
87268,91648,178916
90503,36517,127020
32046,49875,81921
55606,51454,107060
88227,51947,140174
97839,53100,150939
22144,27530,49674
19771,98086,117857
28056,48045,76101
45036,86746,131782
22414,72536,94950
3746,40043,43789
1560,87469,89029
21871,15936,37807
52530,22705,75235
52906,67121,120027
65618,89147,154765
72658,31486,104144
35150,90607,125757
33730,52618,86348
88081,21377,109458
35146,3080,38226
52003,62436,114439
76755,80312,157067
12054,98872,110926
25964,96240,122204
37162,4367,41529
68893,75563,144456
1021,48620,49641
5311,62730,68041
16878,8527,25405
86009,69757,155766
42623,11790,54413
55468,41477,96945
11743,35561,47304
97639,6577,104216
80704,81166,161870
60628,72337,132965
91096,17169,108265
46344,1731,48075
60761,36277,97038
92547,52743,145290
23172,65914,89086
99329,47653,146982
15316,51888,67204
81520,338,81858
52009,6597,58606
97297,85128,182425
11230,27356,38586
29436,5713,35149
90299,84937,175236
67036,8535,75571
52266,44373,96639
39234,89053,128287
15422,93373,108795
96617,39481,136098
31700,41710,73410
14964,5867,20831
95679,51156,146835
4368,58148,62516
43656,66617,110273
13863,39520,53383
43286,99343,142629
23328,46478,69806
7192,71279,78471
81905,45213,127118
40581,40720,81301
58238,93530,151768
54357,70100,124457
31069,93862,124931
40185,44533,84718
48099,32064,80163
78727,14188,92915
19791,94196,113987
38351,45172,83523
92300,54803,147103
50535,98935,149470
49572,2338,51910
29241,32685,61926
22070,90187,112257
6069,8012,14081
2350,97092,99442
95762,18641,114403
96175,10498,106673
61803,78809,140612
5082,49350,54432
17245,98974,116219
68766,22427,91193
38409,79494,117903
56129,57699,113828
98144,63204,161348
73127,29804,102931
40279,90110,130389
60418,67932,128350
55696,27121,82817
48050,64300,112350
49627,91475,141102
64651,7154,71805
75423,21551,96974
13051,56015,69066
10366,20815,31181
19615,49864,69479
72992,41220,114212
90891,77790,168681
3493,47270,50763
51033,83918,134951
69135,76117,145252
70584,27862,98446
38992,6460,45452
44568,77012,121580
90899,6488,97387
19028,39695,58723
27821,63064,90885
73294,1096,74390
15042,91597,106639
56652,57264,113916
3898,47369,51267
59689,70599,130288
77453,18650,96103
31056,79972,111028
71802,40728,112530
37667,5802,43469
26172,29907,56079
10264,45787,56051
23521,40197,63718
94635,82229,176864
29417,10717,40134
25215,16349,41564
58560,41809,100369
73256,56677,129933
65448,45956,111404
2600,52337,54937
29384,81222,110606
6518,33824,40342
36459,70706,107165
79758,82381,162139
73434,12933,86367
37090,76682,113772
82582,63742,146324
24735,70803,95538
87376,79251,166627
79992,33259,113251
75521,75540,151061
55288,47879,103167
96707,87874,184581
92493,51455,143948
62076,81067,143143
13621,25418,39039
39679,47543,87222
54441,62976,117417
17267,44269,61536
24120,38911,63031
97095,7569,104664
21116,40988,62104
12164,30407,42571
55633,16921,72554
57473,42133,99606
31723,52352,84075
4736,72286,77022
11455,72897,84352
31733,37503,69236
53594,80933,134527
3053,18491,21544
57987,53083,111070
66138,9484,75622
70721,19697,90418
89850,63091,152941
10647,38176,48823
56296,74715,131011
73120,72264,145384
84145,41584,125729
17266,76918,94184
76975,21531,98506
27001,70378,97379
41753,30102,71855
13556,14210,27766
58552,22421,80973
7838,39920,47758
49185,24314,73499
6283,51066,57349
99757,35367,135124
78139,1172,79311
4796,52334,57130
12605,35007,47612
17460,65803,83263
10296,29305,39601
53352,87847,141199
21722,46809,68531
16056,5515,21571
4045,13817,17862
44167,96028,140195
62481,57735,120216
96315,59875,156190
56759,80280,137039
38737,9462,48199
47409,66983,114392
71547,86922,158469
95401,49837,145238
89943,26841,116784
54743,2182,56925
75498,10515,86013
34515,55976,90491
12466,52418,64884
52879,41095,93974
56783,86690,143473
33565,48799,82364
6354,66310,72664
120,52777,52897
96437,3918,100355
5888,94242,100130
94483,15969,110452
45826,67759,113585
31009,8565,39574
17596,27298,44894
69038,43095,112133
15461,5940,21401
99038,66756,165794
31561,13952,45513
79533,65341,144874
47264,54554,101818
73664,63851,137515
61162,89832,150994
53176,52894,106070
52176,44838,97014
17845,34198,52043
45576,15539,61115
75211,45250,120461
53966,44221,98187
46625,39571,86196
14388,89000,103388
76611,12146,88757
4581,6122,10703
62046,83457,145503
2695,74235,76930
35446,47799,83245
72964,91091,164055
63458,45380,108838
38742,28650,67392
17095,56307,73402
28642,51935,80577
48395,56765,105160
79674,86440,166114
85740,21239,106979
27118,12541,39659
94282,88347,182629
37573,74039,111612
64540,54281,118821
7108,91132,98240
69258,59592,128850
5042,54143,59185
86324,69304,155628
28960,2128,31088
30586,22607,53193
93005,69830,162835
67306,42985,110291
82135,97014,179149
19498,85557,105055
44455,61305,105760
95719,35777,131496
98363,36534,134897
66222,56585,122807
53361,11443,64804
96298,66403,162701
87928,90404,178332
77869,24816,102685
36013,60037,96050
59984,37236,97220
72353,24865,97218
45732,21028,66760
3465,16471,19936
2917,73267,76184
91029,82647,173676
38166,50642,88808
28590,81052,109642
9999,5467,15466
75458,42859,118317
87642,97868,185510
73937,83336,157273
24688,13842,38530
6638,5650,12288
56626,42147,98773
9897,41172,51069
83965,13718,97683
74344,77992,152336
21620,56394,78014
43235,54590,97825
40328,37126,77454
84366,56026,140392
19876,93033,112909
94657,33242,127899
67372,24319,91691
2664,64301,66965
22046,72525,94571
3782,71864,75646
64369,35831,100200
23381,89274,112655
84520,34109,118629
35066,17431,52497
42017,75790,117807
39837,63804,103641
40406,31157,71563
63885,19799,83684
44128,39573,83701
36101,21218,57319
59446,57782,117228
24036,4796,28832
47206,33676,80882
87852,82127,169979
72715,76424,149139
35263,29725,64988
91393,28360,119753
24525,75426,99951
96368,65112,161480
6267,57840,64107
27597,82999,110596
99780,28270,128050
71548,46999,118547
82261,5931,88192
51836,25965,77801
64287,63119,127406
82545,62258,144803
93122,25840,118962
48420,63102,111522
30884,14712,45596
46532,61990,108522
31283,49249,80532
36281,5366,41647
65988,61145,127133
52175,88347,140522
51081,47873,98954
91098,62047,153145
6476,68080,74556
87073,49119,136192
2773,94409,97182
54202,77804,132006
33768,10904,44672
44890,51942,96832
61945,68308,130253
58249,69739,127988
41303,96033,137336
11417,7018,18435
318,64449,64767
782,56902,57684
55442,79493,134935
33719,71746,105465
1337,58616,59953
92390,84675,177065
46016,11556,57572
70881,31859,102740
89957,25998,115955
20339,47573,67912
60459,19520,79979
8675,88069,96744
57289,933,58222
18383,52580,70963
47073,30260,77333
69826,10133,79959
40672,1009,41681
92650,9954,102604
78210,58348,136558
50606,25428,76034
877,71715,72592
36555,27541,64096
87763,5455,93218
76319,65124,141443
40929,71557,112486
32319,71226,103545
31897,32741,64638
47233,61346,108579
89535,59660,149195
26873,21385,48258
5575,90455,96030
99006,7872,106878
68810,28515,97325
57359,11995,69354
62418,6516,68934
67374,26209,93583
96691,79358,176049
68920,14224,83144
40419,52074,92493
23424,81839,105263
19476,92183,111659
24370,28662,53032
86106,39410,125516
75617,74995,150612
1697,99906,101603
61439,12670,74109
18649,33986,52635
42841,55876,98717
66607,52887,119494
73920,84057,157977
52677,28299,80976
86205,32586,118791
23241,26060,49301
77049,26569,103618
87706,88313,176019
75289,83337,158626
7678,78077,85755
7982,48721,56703
51651,97197,148848
39607,67479,107086
26423,44262,70685
97715,95063,192778
30135,65031,95166
35503,57055,92558
61696,68225,129921
39942,8169,48111
86889,35542,122431
75974,56577,132551
79610,34858,114468
72562,11870,84432
29720,53805,83525
72160,79609,151769
47665,32196,79861
7548,57508,65056
39810,19993,59803
21937,15530,37467
75334,30561,105895
53966,68040,122006
27444,1620,29064
97958,47239,145197
52161,3268,55429
22206,31652,53858
84768,80333,165101
22300,17874,40174
44869,48578,93447
7121,9783,16904
62115,18502,80617
76575,86747,163322
43816,49020,92836
53839,94310,148149
37257,40587,77844
45222,91055,136277
41386,84704,126090
68090,3262,71352
25161,51659,76820
54168,49900,104068
37361,26108,63469
27610,36266,63876
45444,70167,115611
28254,45314,73568
88597,22286,110883
99115,90252,189367
8579,34146,42725
59178,21877,81055
30743,54916,85659
71856,86183,158039
24733,7818,32551
58142,87843,145985
68419,94971,163390
1634,61832,63466
66090,38047,104137
7103,37484,44587
86241,81370,167611
6672,7635,14307
81512,39598,121110
69709,61232,130941
28882,18580,47462
70307,96600,166907
61320,80334,141654
70080,53408,123488
22392,66907,89299
51677,5770,57447
67757,60400,128157
78496,89814,168310
39603,93367,132970
28105,47191,75296
97548,45950,143498
90856,87852,178708
26522,44962,71484
20416,7066,27482
950,43692,44642
53927,59752,113679
62613,22449,85062
52820,87149,139969
85076,90063,175139
34237,9590,43827
3524,89469,92993
82630,73275,155905
23220,51676,74896
73367,43995,117362
943,35319,36262
7973,77695,85668
97208,41049,138257
70626,68552,139178
35194,5774,40968
38452,10302,48754
33396,18447,51843
59025,88892,147917
14202,51631,65833
94946,85253,180199
44949,62150,107099
72285,85056,157341
10800,30964,41764
17315,17731,35046
1619,18751,20370
88769,45124,133893
87345,25899,113244
18620,5867,24487
1809,52509,54318
13326,33302,46628
55978,87216,143194
87802,22317,110119
97506,49193,146699
45140,84103,129243
31609,8159,39768
72193,35460,107653
56416,12546,68962
11414,16307,27721
46464,69149,115613
28629,26722,55351
12569,27082,39651
37160,67819,104979
55883,21306,77189
7934,19614,27548
33442,12377,45819
74766,26805,101571
31245,71898,103143
28773,7228,36001
85786,36565,122351
79021,72447,151468
71005,81562,152567
22298,91846,114144
92740,76156,168896
24469,18483,42952
6985,25036,32021
25540,86022,111562
94782,4461,99243
7843,67714,75557
10147,41315,51462
2982,10293,13275
29621,64581,94202
94998,96897,191895
98853,54994,153847
44672,30928,75600
20476,77136,97612
87697,57309,145006
79564,71831,151395
21502,25834,47336
43682,97724,141406
74549,43040,117589
22619,21305,43924
43736,40936,84672
29303,52151,81454
42822,24837,67659
94168,6096,100264
59853,1919,61772
97694,84014,181708
28045,35594,63639
94314,71823,166137
86956,28721,115677
75792,70205,145997
32685,74058,106743
42347,60716,103063
63007,15455,78462
83501,31902,115403
85119,851,85970
34459,24877,59336
99420,3174,102594
66409,41672,108081
47429,48015,95444
9148,57803,66951
75144,34875,110019
498,19087,19585
8296,84841,93137
74846,14098,88944
23495,92234,115729
23223,66711,89934
22074,75450,97524
54174,96140,150314
47157,98787,145944
96410,30157,126567
46004,25088,71092
76239,4903,81142
62836,64659,127495
90743,16310,107053
52121,7089,59210
67234,48802,116036
85181,66491,151672
96485,44285,140770
3616,87639,91255
50762,34917,85679
84930,58510,143440
92075,67226,159301
71306,76111,147417
7913,62343,70256
78555,96032,174587
8324,97075,105399
76573,89760,166333
6240,39786,46026
25091,90549,115640
98803,80880,179683
33786,13412,47198
26966,22862,49828
69773,50195,119968
41098,47640,88738
95712,34621,130333
84280,18760,103040
73112,54495,127607
42203,90720,132923
69204,37982,107186
89113,62188,151301
93121,95400,188521
35627,61391,97018
6720,89029,95749
44475,17668,62143
22067,42141,64208
3374,96284,99658
68378,47687,116065
32593,69390,101983
56665,24455,81120
55248,10048,65296
84067,17713,101780
21751,60859,82610
59043,95528,154571
77183,2190,79373
59320,13362,72682
76581,68971,145552
17163,8607,25770
1778,63965,65743
27429,50363,77792
73535,72466,146001
95549,97286,192835
71184,30899,102083
45679,87969,133648
37980,63009,100989
48575,77350,125925
60866,12273,73139
52653,53759,106412
2381,92249,94630
89546,28263,117809
42885,90966,133851
64511,19684,84195
39536,44201,83737
70216,10362,80578
20934,42609,63543
34614,84256,118870
9301,99784,109085
20173,94054,114227
92901,5295,98196
24816,97153,121969
3205,39960,43165
55602,8195,63797
14090,24916,39006
57276,14317,71593
60301,17466,77767
9689,32917,42606
48526,9060,57586
59592,94735,154327
62476,31993,94469
22643,22577,45220
41385,33656,75041
38494,30707,69201
22663,30952,53615
94190,30520,124710
73964,93084,167048
68469,11707,80176
27841,55494,83335
44099,80692,124791
90785,92915,183700
69813,22912,92725
4146,56342,60488
10890,90490,101380
32951,12504,45455
72355,79261,151616
38937,75986,114923
89662,21538,111200
84773,2841,87614
59236,32137,91373
99558,2546,102104
80592,79811,160403
2405,23003,25408
99951,77176,177127
68821,12238,81059
72982,35838,108820
70312,60146,130458
20821,12222,33043
32256,2029,34285
82575,11530,94105
26192,35860,62052
73259,72224,145483
50853,8794,59647
1870,57126,58996
69835,43871,113706
78396,33851,112247
82808,17437,100245
57501,26183,83684
52447,20149,72596
8664,70247,78911
60413,14034,74447
42499,26422,68921
37351,49578,86929
19647,42392,62039
63656,14773,78429
40965,95416,136381
717,72337,73054
5832,6259,12091
33341,38319,71660
96038,41813,137851
86476,93963,180439
58530,60204,118734
23999,53778,77777
47537,46943,94480
5132,23161,28293
6831,61750,68581
2818,89748,92566
88519,34,88553
46263,22206,68469
33712,4681,38393
45308,3051,48359
3647,88253,91900
28898,83432,112330
76167,16344,92511
77002,11897,88899
89878,31839,121717
22557,3497,26054
94402,63381,157783
7628,79329,86957
64224,55061,119285
16375,22272,38647
21325,61889,83214
37053,3785,40838
95555,23834,119389
29496,43162,72658
49381,51529,100910
7285,62038,69323
82819,96668,179487
20972,12786,33758
26268,15650,41918
88888,15730,104618
60773,6131,66904
21915,81209,103124
55915,61363,117278
34424,20257,54681
2643,9227,11870
41568,52040,93608
49155,29344,78499
70477,54246,124723
68781,81434,150215
61878,91340,153218
8239,86719,94958
31379,42002,73381
18759,36241,55000
41583,16930,58513
89148,79499,168647
76035,49904,125939
94477,15029,109506
30419,88260,118679
74347,73401,147748
40575,69875,110450
43478,31013,74491
81727,20624,102351
11188,33088,44276
55926,16496,72422
2571,6317,8888
89344,97682,187026
60700,84827,145527
81808,13377,95185
29834,50519,80353
71473,17347,88820
62691,83383,146074
14732,11081,25813
82622,98367,180989
62390,13942,76332
50232,60292,110524
86210,79531,165741
85590,44847,130437
76525,37116,113641
86560,9521,96081
33745,38674,72419
20217,94641,114858
51030,11345,62375
55635,71741,127376
11611,41877,53488
65119,45327,110446
20439,13689,34128
50962,58184,109146
4396,2659,7055
93188,30440,123628
52576,84377,136953
55922,21756,77678
56457,28862,85319
9512,96503,106015
86678,4511,91189
13679,31583,45262
17839,13250,31089
14887,27509,42396
70275,2231,72506
44746,60040,104786
98944,91158,190102
421,90547,90968
44774,13240,58014
12685,24831,37516
79722,8582,88304
90428,28213,118641
87513,36843,124356
62472,45818,108290
54600,87544,142144
42383,51626,94009
5972,97318,103290
15233,34932,50165
47105,16182,63287
93784,1262,95046
58202,81072,139274
28387,2287,30674
93327,66740,160067
22439,41103,63542
53127,12301,65428
44044,43476,87520
91848,46725,138573
39578,54332,93910
47140,70190,117330
25797,92779,118576
68445,16722,85167
21710,50216,71926
97228,95632,192860
55970,19152,75122
34361,75985,110346
39642,77669,117311
85439,2237,87676
98461,97898,196359
3683,42582,46265
69604,90839,160443
32006,99178,131184
66591,16180,82771
14870,8847,23717
67830,15882,83712
39052,1416,40468
26376,32406,58782
32440,49695,82135
54617,82379,136996
89587,83514,173101
54016,71944,125960
15529,86880,102409
41304,42935,84239
22291,18933,41224
92405,55195,147600
4219,31408,35627
44368,82423,126791
15898,2159,18057
85221,63133,148354
32128,70150,102278
35394,76681,112075
64128,89362,153490
26677,32793,59470
42702,48520,91222
52686,54694,107380
49842,21718,71560
92785,95334,188119
86390,27326,113716
36105,18632,54737
50139,38419,88558
24559,26670,51229
33284,80136,113420
80966,83258,164224
63696,54064,117760
5671,96836,102507
51331,57231,108562
7381,76562,83943
10052,37968,48020
35615,71449,107064
40695,23287,63982
21701,28001,49702
81311,70835,152146
28663,13051,41714
22382,16264,38646
47186,45436,92622
71319,72318,143637
15754,27067,42821
42958,2012,44970
31289,56920,88209
732,55487,56219
27386,34675,62061
57854,99383,157237
19922,16307,36229
57604,73955,131559
54749,13108,67857
22153,31332,53485
38855,95586,134441
86996,16434,103430
32178,84725,116903
80835,77155,157990
13636,98371,112007
5152,89969,95121
99384,13935,113319
39137,51827,90964
76290,5286,81576
2844,81508,84352
12261,14767,27028
58507,89182,147689
19939,25668,45607
17979,6621,24600
80010,2092,82102
83432,7194,90626
87146,5994,93140
4552,91360,95912
99711,5006,104717
46907,4107,51014
43024,73314,116338
96238,61399,157637
2261,42855,45116
20967,11808,32775
74695,47986,122681
45145,80216,125361
58304,43140,101444
97750,81878,179628
39931,66400,106331
74776,81841,156617
7969,43998,51967
16298,99135,115433
85753,47295,133048
37528,94529,132057
27221,63284,90505
42035,81853,123888
29353,23397,52750
5912,21964,27876
74485,47901,122386
97270,33946,131216
30021,37239,67260
13472,9455,22927
48425,15892,64317
95913,55542,151455
2709,68810,71519
61688,98092,159780
23938,7809,31747
2903,21215,24118
26068,91898,117966
12981,57598,70579
56416,15267,71683
95736,59009,154745
31011,38231,69242
22482,11075,33557
5526,60716,66242
82039,80114,162153
62380,90226,152606
66700,4045,70745
2147,20638,22785
48608,97284,145892
41418,3266,44684
84240,42245,126485
41927,90965,132892
98286,53681,151967
77610,6390,84000
99955,98384,198339
29236,81430,110666
55047,6417,61464
70267,27692,97959
42882,25447,68329
53504,62985,116489
53859,16110,69969
53673,40506,94179
70586,24264,94850
60096,81769,141865
88201,77871,166072
41578,83671,125249
36003,66572,102575
42236,39357,81593
23810,69959,93769
38781,40538,79319
86681,43208,129889
63929,72948,136877
64802,60721,125523
7981,44331,52312
92918,43601,136519
26470,41974,68444
95540,31633,127173
36795,41276,78071
99979,76912,176891
31539,88626,120165
84039,64750,148789
60511,7065,67576
58184,46361,104545
99516,8698,108214
41260,90476,131736
56679,67447,124126
64422,62594,127016
10599,16150,26749
12036,2786,14822
6181,14648,20829
74116,87165,161281
53058,38466,91524
74486,66802,141288
15201,71423,86624
39179,77683,116862
49834,38206,88040
7407,13111,20518
3976,13133,17109
20636,57989,78625
47333,1357,48690
20134,9447,29581
38657,52346,91003
54234,58427,112661
48668,15210,63878
96136,97349,193485
45169,74568,119737
89655,39920,129575
59744,45855,105599
89678,2452,92130
92417,59704,152121
22102,74605,96707
69169,12346,81515
52822,23423,76245
30050,74271,104321
86642,41783,128425
41606,30836,72442
4640,95027,99667
3733,98686,102419
51617,55233,106850
83064,2476,85540
72415,42298,114713
33406,76803,110209
69617,86540,156157
72225,31588,103813
95369,30230,125599
20543,83684,104227
21012,1335,22347
48255,44989,93244
46407,5382,51789
91495,65119,156614
56491,78787,135278
12395,95233,107628
92521,73965,166486
71584,1702,73286
70950,20769,91719
24730,10832,35562
5969,43814,49783
3764,27902,31666
77748,23866,101614
18687,31915,50602
88058,62553,150611
66557,4357,70914
64710,63743,128453
21322,5719,27041
97633,4836,102469
27344,795,28139
80021,41452,121473
97284,8177,105461
6625,41716,48341
94557,16056,110613
42496,63955,106451
94638,524,95162
48586,91017,139603
77473,46685,124158
9013,63136,72149
22759,94557,117316
4786,93927,98713
46681,61125,107806
83395,20294,103689
59000,42976,101976
39200,69452,108652
66554,52737,119291
73393,18538,91931
73956,45706,119662
20471,46067,66538
21236,9635,30871
73986,72717,146703
41933,39169,81102
58204,81046,139250
61256,978,62234
68016,72811,140827
58461,44140,102601
91079,319,91398
26943,55313,82256
93046,5632,98678
12118,71466,83584
40229,34700,74929
97940,88024,185964
3658,99443,103101
51828,7658,59486
62785,84681,147466
94276,1254,95530
34085,84876,118961
35006,28864,63870
1544,33084,34628
40397,27802,68199
31388,16687,48075
40601,85925,126526
77136,44396,121532
12988,62168,75156
2441,23150,25591
21489,40222,61711
91395,62589,153984
13378,70593,83971
53680,76381,130061
92655,38658,131313
59623,25961,85584
33088,20463,53551
94137,71632,165769
56767,76986,133753
28683,31032,59715
7445,69373,76818
1728,18744,20472
16724,75981,92705
94454,13999,108453
14567,87861,102428
33489,66285,99774
58127,687,58814
25823,5732,31555
13235,76776,90011
87513,31606,119119
53597,51526,105123
54506,90990,145496
55095,271,55366
56330,99563,155893
6527,67423,73950
55938,4756,60694
58464,16405,74869
76804,15099,91903
81553,62657,144210
56198,92800,148998
91661,85334,176995
20201,74927,95128
12522,75909,88431
63940,61956,125896
56202,59470,115672
99936,51564,151500
62457,98755,161212
3872,99397,103269
33016,61623,94639
38075,70413,108488
2321,76728,79049
21983,20020,42003
26758,80457,107215
70249,21102,91351
31728,73572,105300
3171,81778,84949
11272,47342,58614
69952,73596,143548
35196,73628,108824
92090,39764,131854
82722,32813,115535
47691,61778,109469
90255,46178,136433
14513,70856,85369
75006,53386,128392
35206,75087,110293
7286,48496,55782
29551,26411,55962
40546,48214,88760
61022,13235,74257
53716,65846,119562
5823,31400,37223
87179,21259,108438
94948,97646,192594
87779,21819,109598
90986,45432,136418
63220,26647,89867
60853,40519,101372
24794,88681,113475
61782,99878,161660
84612,79966,164578
4836,16122,20958
1723,128,1851
78071,37438,115509
97053,92143,189196
3626,21610,25236
52097,87447,139544
74262,69073,143335
6604,92150,98754
29900,9205,39105
82860,53967,136827
75762,16217,91979
59680,93795,153475
70290,1488,71778
75552,65172,140724
82862,6302,89164
43692,79278,122970
14912,45464,60376
8047,3432,11479
13774,9335,23109
19686,10159,29845
54688,6710,61398
13283,37993,51276
36009,28779,64788
29694,1214,30908
1031,80274,81305
88902,1377,90279
17470,67563,85033
46635,35785,82420
45911,88819,134730
52013,67965,119978
69664,6290,75954
36824,16926,53750
29472,22012,51484
5491,36486,41977
75384,44809,120193
98720,13254,111974
4355,52274,56629
40566,64310,104876
88904,85787,174691
28673,32755,61428
59448,50756,110204
88900,845,89745
98638,24052,122690
51645,9768,61413
98983,63294,162277
28769,32207,60976
54644,32389,87033
54262,769,55031
71930,40764,112694
38421,5174,43595
59074,81608,140682
81394,98409,179803
87908,14828,102736
79482,11392,90874
66036,24018,90054
66473,63158,129631
32224,68020,100244
7257,37942,45199
45012,65775,110787
17375,52225,69600
22918,4790,27708
98796,3805,102601
14421,95393,109814
20752,75942,96694
74139,75609,149748
2332,71422,73754
39246,85161,124407
8577,26066,34643
23227,18503,41730
39249,92497,131746
43141,65997,109138
60849,60691,121540
75776,76242,152018
25880,26283,52163
94984,76654,171638
72138,27310,99448
74832,6133,80965
35259,97391,132650
26330,64523,90853
83429,95586,179015
20192,82895,103087
2046,54588,56634
80073,48392,128465
33648,81398,115046
57737,53295,111032
40050,69958,110008
13320,47129,60449
18121,3276,21397
39245,51150,90395
91557,15791,107348
60014,2618,62632
48861,182,49043
17062,68162,85224
92250,21961,114211
14847,94364,109211
13399,35056,48455
99060,85665,184725
71527,14749,86276
60779,12511,73290
2450,66443,68893
1355,88722,90077
24185,69634,93819
98553,40123,138676
84011,68817,152828
44228,37752,81980
37381,24484,61865
71867,63720,135587
41873,19428,61301
21271,70003,91274
85253,79809,165062
1798,1749,3547
88826,94836,183662
7234,32382,39616
77419,38707,116126
28051,57680,85731
19084,90288,109372
66408,74250,140658
43827,51367,95194
54367,36262,90629
47303,44765,92068
99818,68868,168686
8366,13824,22190
91978,4127,96105
7713,52642,60355
91623,78086,169709
6040,26893,32933
1308,28095,29403
76022,51528,127550
4310,97082,101392
30766,42081,72847
6375,43062,49437
75775,92631,168406
27506,8241,35747
95874,65459,161333
73614,54727,128341
22004,38041,60045
28357,93409,121766
50231,44896,95127
73312,92822,166134
68882,48926,117808
1717,65184,66901
38324,72768,111092
83383,18513,101896
82364,31214,113578
32095,82895,114990
35946,99081,135027
77617,18191,95808
38213,4402,42615
17487,38835,56322
70704,84042,154746
59505,53850,113355
95259,71560,166819
7217,85565,92782
99619,13250,112869
25832,17749,43581
32297,28483,60780
73402,44653,118055
15442,6456,21898
1575,53612,55187
57831,85177,143008
91519,79034,170553
50204,81743,131947
97682,67758,165440
10653,85858,96511
65927,88148,154075
33846,61763,95609
74164,79461,153625
41177,44402,85579
65610,64136,129746
97070,29983,127053
90000,93461,183461
45131,28228,73359
48752,28316,77068
39461,79646,119107
74534,91379,165913
92363,9239,101602
57501,39409,96910
48653,37085,85738
54984,23550,78534
76469,8242,84711
22681,95436,118117
8134,42832,50966
60892,51243,112135
96204,3583,99787
20488,3725,24213
37347,28071,65418
2894,13455,16349
85857,76315,162172
21197,43687,64884
95812,18550,114362
68218,76751,144969
77287,97270,174557
47350,1503,48853
98612,84850,183462
41595,49872,91467
41023,76796,117819
11383,29354,40737
57600,2819,60419
85612,46424,132036
23942,7093,31035
78073,54871,132944
3951,65671,69622
9661,77262,86923
2788,20729,23517
44605,40764,85369
96794,72484,169278
70472,30512,100984
74958,95157,170115
51563,6666,58229
13783,18594,32377
66952,81170,148122
2837,45,2882
7602,44419,52021
67261,17270,84531
17743,58481,76224
71311,4308,75619
59492,92037,151529
50512,76490,127002
48796,65592,114388
53551,74753,128304
99533,36910,136443
48652,9808,58460
32384,13608,45992
58493,62341,120834
59309,11960,71269
84249,29469,113718
63833,78242,142075
30733,65731,96464
23287,47898,71185
31683,57642,89325
93321,67526,160847
99942,13245,113187
28665,39999,68664
62143,46204,108347
69798,25862,95660
79456,38473,117929
55444,24641,80085
5545,28711,34256
17152,34073,51225
38195,66364,104559
27172,16772,43944
24408,28386,52794
62518,15659,78177
29945,51604,81549
31254,96724,127978
26454,48639,75093
98061,95621,193682
16607,99108,115715
43988,19262,63250
95994,47772,143766
90359,82314,172673
44960,78188,123148
7878,57133,65011
87938,42459,130397
6367,38840,45207
84139,60216,144355
54168,93733,147901
56757,90332,147089
27161,81198,108359
70664,4664,75328
34243,95058,129301
10590,14373,24963
30450,30349,60799
65859,75046,140905
59188,71632,130820
41281,5036,46317
45096,67948,113044
705,64739,65444
82462,80538,163000
60062,49147,109209
47562,30307,77869
60803,11476,72279
61301,98822,160123
80210,55565,135775
13597,88853,102450
23608,2724,26332
76873,52252,129125
74613,94235,168848
72532,99816,172348
19371,64743,84114
23950,49273,73223
29059,2200,31259
64676,85915,150591
29086,80681,109767
98413,94464,192877
99450,24608,124058
68412,75080,143492
8584,76876,85460
98520,11439,109959
11528,32585,44113
8234,22143,30377
96612,26842,123454
5623,28534,34157
19162,19581,38743
76637,41438,118075
16453,47549,64002
47346,27403,74749
76849,93095,169944
47813,36434,84247
96334,12216,108550
20812,3485,24297
68448,29490,97938
20215,75260,95475
21233,97441,118674
16076,51885,67961
84280,34774,119054
26790,83617,110407
7528,6166,13694
18982,93894,112876
79957,44915,124872
82150,17444,99594
79904,13693,93597
19462,12112,31574
2448,18339,20787
51120,59943,111063
10284,22204,32488
8361,66915,75276
51027,19857,70884
57663,12990,70653
45882,7869,53751
78736,42542,121278
52164,96736,148900
88890,84690,173580
38572,17130,55702
97996,96230,194226
24734,91766,116500
95309,48788,144097
96707,21063,117770
79436,2789,82225
62154,16416,78570
92319,80348,172667
13465,83413,96878
79840,93699,173539
59370,95708,155078
2109,9114,11223
71976,93396,165372
71477,82142,153619
18522,92774,111296
69885,35249,105134
14291,45154,59445
77203,34547,111750
79438,38523,117961
18271,99021,117292
90017,86032,176049
31952,17951,49903
12721,72170,84891
69255,26372,95627
6443,42837,49280
97856,31586,129442
23077,76966,100043
5074,20319,25393
1508,52072,53580
58848,28087,86935
13782,21861,35643
14162,75180,89342
28665,58845,87510
51357,10939,62296
67581,41593,109174
25472,79672,105144
86873,7671,94544
78134,89727,167861
84353,39683,124036
44340,62550,106890
11316,367,11683
86109,30675,116784
13230,89668,102898
28443,66829,95272
27415,51016,78431
85031,39790,124821
1464,10045,11509
33358,46381,79739
47470,72653,120123
53042,98782,151824
69550,70955,140505
61707,56972,118679
86391,40652,127043
21229,74525,95754
24574,23509,48083
2392,19285,21677
9186,96388,105574
17252,98921,116173
6944,10954,17898
67195,57168,124363
39395,15982,55377
64703,82923,147626
71384,92514,163898
25377,86363,111740
90647,96226,186873
14740,2248,16988
23771,21977,45748
4777,23071,27848
9591,7667,17258
25806,25844,51650
68517,59370,127887
24186,73011,97197
65532,63066,128598
54279,34401,88680
64832,83940,148772
41364,9768,51132
57309,63405,120714
4937,52593,57530
22610,73120,95730
65040,22345,87385
92876,40782,133658
50530,41232,91762
5144,14102,19246
18222,73481,91703
92391,19741,112132
98272,56522,154794
13833,41023,54856
65886,12334,78220
18109,48982,67091
90630,36028,126658
40274,18994,59268
19323,95581,114904
15016,50810,65826
89441,16239,105680
38578,22037,60615
29282,18739,48021
89548,86048,175596
81441,14994,96435
87747,43242,130989
28793,72311,101104
63891,5755,69646
6235,39001,45236
64283,42732,107015
98244,15718,113962
47672,13406,61078
92045,99970,192015
24030,18521,42551
42232,69988,112220
10267,10805,21072
47913,59679,107592
17770,20846,38616
38815,49490,88305
65056,18427,83483
51712,35295,87007
53994,67872,121866
7505,1493,8998
23612,23161,46773
8057,32195,40252
85536,32205,117741
50439,64922,115361
48677,28243,76920
33950,36755,70705
95112,67539,162651
47161,34635,81796
80624,50529,131153
14543,70344,84887
47871,24373,72244
2631,49719,52350
826,78134,78960
99685,13323,113008
49511,5238,54749
58077,20014,78091
26693,939,27632
81829,75612,157441
2110,91952,94062
30301,76962,107263
71207,69739,140946
72229,16590,88819
64920,23220,88140
62984,24986,87970
22079,32893,54972
61159,3580,64739
79263,51436,130699
17588,38477,56065
9426,74269,83695
16867,58264,75131
36115,56374,92489
70635,56892,127527
88912,87678,176590
72001,58323,130324
91395,71020,162415
25130,27791,52921
28729,95840,124569
98661,48804,147465
41259,18010,59269
82878,39711,122589
76739,39502,116241
42065,80311,122376
19290,11231,30521
79394,56191,135585
59000,21268,80268
95541,14599,110140
91465,87510,178975
64007,12177,76184
68553,72362,140915
2119,77317,79436
66202,17707,83909
60963,14674,75637
45034,63542,108576
32501,26417,58918
34274,27941,62215
98034,56891,154925
66883,79140,146023
10930,66114,77044
31918,34575,66493
43022,42133,85155
61744,29024,90768
58121,82636,140757
8794,17633,26427
5027,93446,98473
32506,65615,98121
86322,55394,141716
34361,14705,49066
92985,16725,109710
11893,16923,28816
60918,22160,83078
99611,99396,199007
98173,80858,179031
6355,20579,26934
62616,73489,136105
59765,3080,62845
59871,28634,88505
37631,12663,50294
26938,32040,58978
26594,49803,76397
41694,24642,66336
27931,19024,46955
24674,74684,99358
12996,1603,14599
34112,95867,129979
65784,21216,87000
51094,24640,75734
25376,51463,76839
41062,65406,106468
28687,21793,50480
54256,82495,136751
12000,85467,97467
6383,71182,77565
36478,71806,108284
89153,56358,145511
49495,25127,74622
79513,92307,171820
47922,83557,131479
27064,60037,87101
93788,81723,175511
9467,70791,80258
32651,49943,82594
61318,47600,108918
44613,81412,126025
36845,62016,98861
59855,82831,142686
1542,3455,4997
56185,9295,65480
42673,4135,46808
26602,50187,76789
92325,35915,128240
51845,20935,72780
10979,46842,57821
96789,1836,98625
47420,53688,101108
93343,40713,134056
79711,16232,95943
88241,64969,153210
83451,78297,161748
98341,22168,120509
13820,32247,46067
64373,56509,120882
38462,78234,116696
21034,35943,56977
52583,11476,64059
93515,22556,116071
82872,87129,170001
87023,74021,161044
67691,49701,117392
69904,43845,113749
60694,57945,118639
21053,54488,75541
94619,28003,122622
14428,98072,112500
98706,52675,151381
19594,84403,103997
69143,51756,120899
52879,4236,57115
78214,26601,104815
45172,56846,102018
87092,20119,107211
82617,32105,114722
21956,29872,51828
63777,84898,148675
12391,61756,74147
40428,7357,47785
49922,91477,141399
22958,29745,52703
96670,93056,189726
64768,29353,94121
49942,50765,100707
25258,78187,103445
81713,96311,178024
90596,56482,147078
15917,17147,33064
25107,38623,63730
33612,33571,67183
49207,18589,67796
59434,13070,72504
19948,63609,83557
26693,97726,124419
30064,30852,60916
31240,17202,48442
74298,48815,123113
71513,83705,155218
12852,90919,103771
58798,12031,70829
7377,97578,104955
3150,59632,62782
66113,36922,103035
66752,40861,107613
64850,39750,104600
67483,37521,105004
34636,51451,86087
19125,25311,44436
30223,90651,120874
81729,50557,132286
68299,69227,137526
64220,30164,94384
13836,3332,17168
15845,1561,17406
32496,83685,116181
64858,11655,76513
84531,5263,89794
84666,201,84867
1379,95911,97290
73680,80075,153755
59617,28047,87664
13987,9516,23503
44590,77208,121798
13699,69260,82959
121,88467,88588
31823,63010,94833
37628,67719,105347
80719,97169,177888
99345,58362,157707
75075,61320,136395
98777,48363,147140
28028,49789,77817
42834,96864,139698
23097,27927,51024
8730,77642,86372
73183,72049,145232
81310,97960,179270
72537,50899,123436
70658,91022,161680
76264,66638,142902
43475,22114,65589
57772,93523,151295
26204,89560,115764
31419,80928,112347
18623,22228,40851
49289,33344,82633
50422,81598,132020
44689,8180,52869
40544,32263,72807
31971,33105,65076
4337,54294,58631
63123,5273,68396
11295,82048,93343
80898,15284,96182
75543,62015,137558
34830,28709,63539
2109,33726,35835
341,65954,66295
54209,96412,150621
52481,31752,84233
63455,31359,94814
52638,73410,126048
78432,77003,155435
61090,12288,73378
62581,45105,107686
6195,22971,29166
11730,20958,32688
43717,85453,129170
55030,71117,126147
34296,69798,104094
37263,32755,70018
50106,74874,124980
65020,21827,86847
55326,63097,118423
81460,68671,150131
45363,3248,48611
91477,30099,121576
5675,30780,36455
91649,61947,153596
53557,95988,149545
34750,3785,38535
76431,36947,113378
89646,56559,146205
27062,31168,58230
37967,36857,74824
60735,46469,107204
87821,39546,127367
84480,39465,123945
56758,92224,148982
79934,18667,98601
66733,68913,135646
7922,90324,98246
58694,20002,78696
81094,44082,125176
39211,4191,43402
92497,69524,162021
2730,91006,93736
50834,30032,80866
17314,70535,87849
96139,55763,151902
51850,60657,112507
67846,34923,102769
97636,96820,194456
30215,4929,35144
37944,41639,79583
82010,72675,154685
56083,27652,83735
28377,27499,55876
89489,25166,114655
26570,43929,70499
26049,17133,43182
9102,31570,40672
78334,22565,100899
81708,88053,169761
57050,38194,95244
58865,48882,107747
29561,39451,69012
65430,91361,156791
96784,2377,99161
72225,30921,103146
71394,20696,92090
84632,93625,178257
67857,39936,107793
79703,21800,101503
19093,57504,76597
97889,72275,170164
90198,22081,112279
93955,34680,128635
3664,22546,26210
47686,69569,117255
32866,64559,97425
50014,75699,125713
51946,62101,114047
21844,98574,120418
91867,77493,169360
85410,5156,90566
42983,54842,97825
38450,28153,66603
71737,34369,106106
46949,10667,57616
41784,23408,65192
168,88902,89070
15361,11189,26550
22295,43362,65657
53222,4365,57587
42183,11622,53805
19865,16190,36055
96741,56085,152826
87659,17031,104690
64900,93754,158654
98272,64214,162486
32494,60987,93481
65935,17792,83727
32245,58154,90399
84280,37398,121678
9767,43992,53759
41395,50469,91864
40341,24450,64791
52222,72897,125119
42965,5107,48072
94797,81703,176500
59641,58338,117979
55196,67780,122976
97992,54596,152588
44789,70677,115466
69692,26283,95975
74256,80069,154325
44723,52722,97445
86640,54643,141283
91389,90618,182007
76886,86385,163271
70369,11247,81616
56621,24259,80880
28124,18342,46466
90996,66623,157619
15161,71209,86370
65154,55493,120647
51581,81342,132923
59439,97866,157305
22062,7296,29358
19743,54847,74590
2723,67287,70010
9532,32165,41697
14547,71843,86390
74989,62297,137286
1170,58983,60153
18883,38471,57354
4952,34970,39922
40121,56457,96578
67859,86129,153988
25188,12700,37888
83657,40426,124083
40703,69520,110223
3957,12599,16556
27537,77033,104570
50722,72095,122817
81384,1387,82771
13960,24459,38419
72930,9722,82652
57172,85453,142625
56370,62069,118439
19355,19297,38652
2933,92227,95160
34625,36582,71207
83792,21159,104951
69906,11782,81688
19615,74129,93744
30063,81586,111649
9093,63624,72717
57164,18956,76120
57842,89131,146973
14635,75134,89769
94426,15795,110221
44182,73879,118061
81244,62546,143790
5690,74344,80034
59860,3671,63531
34962,3900,38862
20861,23601,44462
69114,66078,135192
36782,84267,121049
45162,10639,55801
73577,49047,122624
13821,55974,69795
65745,34957,100702
25605,44801,70406
75919,53269,129188
56868,67297,124165
77395,96932,174327
97937,82859,180796
61123,18330,79453
55364,62605,117969
37569,573,38142
96741,78373,175114
88708,34014,122722
60888,95959,156847
33582,51049,84631
99682,61051,160733
75616,17027,92643
95830,85443,181273
73106,22717,95823
8942,91537,100479
56097,32376,88473
97071,99471,196542
8447,80430,88877
16082,3491,19573
34972,69433,104405
40607,84010,124617
48542,43134,91676
67725,36852,104577
47656,10014,57670
61652,69342,130994
45068,30870,75938
85743,57108,142851
17060,43382,60442
35658,39277,74935
19694,20612,40306
53106,82078,135184
30894,97555,128449
60451,25207,85658
62214,49793,112007
14660,51409,66069
52039,31012,83051
68608,14208,82816
46780,61350,108130
59087,66667,125754
73047,78572,151619
78031,93846,171877
67844,81943,149787
20478,1828,22306
60882,47004,107886
70668,77844,148512
52436,8645,61081
73549,27313,100862
97371,90372,187743
81204,81122,162326
61614,10836,72450
82073,3462,85535
30725,54157,84882
64323,67767,132090
31498,55298,86796
51587,95915,147502
47695,21357,69052
84883,88821,173704
44934,87552,132486
65081,9218,74299
56918,44608,101526
22834,78394,101228
31014,45091,76105
59856,91511,151367
64527,81926,146453
57418,52830,110248
23251,40196,63447
68091,36411,104502
12259,47662,59921
35282,86788,122070
10775,89139,99914
51483,79201,130684
50656,16414,67070
39495,8289,47784
15544,17082,32626
75864,84192,160056
86064,10166,96230
24209,22222,46431
75133,29203,104336
8995,50288,59283
33338,53423,86761
75768,96281,172049
46837,39558,86395
17012,93351,110363
16799,4827,21626
58484,31685,90169
64839,8803,73642
87032,76102,163134
4709,3089,7798
98803,56452,155255
69595,99909,169504
6202,94929,101131
35801,25857,61658
60819,18584,79403
26372,77858,104230
409,97269,97678
31238,75197,106435
8032,65872,73904
63441,70249,133690
10675,87032,97707
55973,27882,83855
26667,11387,38054
41250,43590,84840
65179,27009,92188
14008,53691,67699
18925,85339,104264
82723,5718,88441
8470,69171,77641
70654,63900,134554
74854,51982,126836
97314,8154,105468
91841,44653,136494
13415,27767,41182
86091,65983,152074
19562,21341,40903
59453,37455,96908
5967,63337,69304
92497,90903,183400
15366,5430,20796
84953,4121,89074
35689,89348,125037
49193,33754,82947
9735,21691,31426
74943,67139,142082
56688,67782,124470
14560,26259,40819
52260,12825,65085
30035,6456,36491
99515,49619,149134
47764,96303,144067
88525,40375,128900
63178,77063,140241
60562,64012,124574
40867,54159,95026
57357,98289,155646
84932,50770,135702
35755,75943,111698
42566,82996,125562
73840,69759,143599
38121,65716,103837
97943,31587,129530
28300,67479,95779
18876,32570,51446
26682,55941,82623
33612,1688,35300
59787,2260,62047
84194,73949,158143
25932,22101,48033
60380,57683,118063
64532,39607,104139
68332,77574,145906
62687,79396,142083
16776,5034,21810
95893,34545,130438
95579,12204,107783
30584,47823,78407
16702,21085,37787
9402,85088,94490
24028,4760,28788
98954,55284,154238
56476,3824,60300
75685,57391,133076
27101,82395,109496
26042,26879,52921
32773,88745,121518
83245,79716,162961
33581,15736,49317
35084,64801,99885
6593,71269,77862
60068,26105,86173
47086,73366,120452
88454,56873,145327
23777,76850,100627
15582,33737,49319
34668,51721,86389
62678,52588,115266
19069,15907,34976
92979,74598,167577
16008,44949,60957
68641,81758,150399
46503,49608,96111
44407,61504,105911
69392,87714,157106
39583,4993,44576
96182,53181,149363
62626,45624,108250
16791,22146,38937
78283,84961,163244
65963,75732,141695
27462,89652,117114
2087,57786,59873
83007,57389,140396
82267,6388,88655
23960,81673,105633
84466,95550,180016
86235,63610,149845
52361,33450,85811
15155,98710,113865
90328,73854,164182
65616,53856,119472
63585,4936,68521
37428,23959,61387
52,81128,81180
69799,9285,79084
87677,9101,96778
54419,89298,143717
95129,46849,141978
13273,41941,55214
92260,21842,114102
29249,48677,77926
51222,24887,76109
75483,47946,123429
97545,19264,116809
76512,10817,87329
91752,85539,177291
34681,25108,59789
19818,98681,118499
85216,35797,121013
47076,55385,102461
7651,80415,88066
90171,42658,132829
58933,57243,116176
53543,97795,151338
73704,15484,89188
99101,64149,163250
58738,83750,142488
68211,42202,110413
10172,29371,39543
65439,96310,161749
32302,17097,49399
26412,98006,124418
47526,51856,99382
31865,70394,102259
98479,5671,104150
1906,4559,6465
39770,89393,129163
24113,39956,64069
20270,27084,47354
100000,63592,163592
30635,12130,42765
89664,69908,159572
62202,38582,100784
68291,64506,132797
77905,84298,162203
79093,68757,147850
40985,96762,137747
45325,53140,98465
65534,70904,136438
70726,38295,109021
65457,44522,109979
80965,2767,83732
69659,12213,81872
34491,23098,57589
87318,86101,173419
34020,29666,63686
54306,85658,139964
31105,19034,50139
50622,40806,91428
35106,41751,76857
84997,7723,92720
82891,97401,180292
61657,27220,88877
22963,56328,79291
37224,74639,111863
19832,66498,86330
88866,90264,179130
62620,19024,81644
54532,97450,151982
97885,73062,170947
92875,94135,187010
1653,59484,61137
37697,96979,134676
87518,56868,144386
18831,90135,108966
33428,47657,81085
32004,87277,119281
52165,99535,151700
39196,93862,133058
8881,37171,46052
23608,69366,92974
60444,60547,120991
52072,95968,148040
72910,37408,110318
22379,21936,44315
11032,98651,109683
3027,64351,67378
210,37730,37940
41939,80065,122004
17928,17845,35773
98409,11657,110066
47676,70791,118467
69836,96962,166798
95965,33556,129521
92529,75353,167882
88480,61899,150379
54184,55115,109299
66080,60029,126109
7509,74004,81513
53241,44243,97484
88759,55745,144504
70025,10187,80212
52622,30374,82996
37629,68596,106225
92333,50389,142722
29081,15305,44386
40325,51610,91935
89274,68128,157402
59154,59592,118746
13831,20497,34328
7145,94050,101195
27248,14259,41507
8270,37937,46207
65383,4652,70035
59138,4593,63731
72720,27365,100085
26450,59978,86428
85886,71706,157592
4657,46486,51143
50217,60370,110587
1260,48686,49946
79427,988,80415
14866,79386,94252
45393,45930,91323
12580,99679,112259
60857,14186,75043
65848,1580,67428
74368,48827,123195
89570,49771,139341
11988,75019,87007
52076,89079,141155
83405,9411,92816
71930,11581,83511
20942,66118,87060
75711,10028,85739
43424,76311,119735
65505,25487,90992
7423,31241,38664
51756,26333,78089
66850,48814,115664
52951,80169,133120
18672,73919,92591
53570,58266,111836
63115,13792,76907
77545,78127,155672
2825,67573,70398
74662,20288,94950
38466,23039,61505
97439,18180,115619
80573,74567,155140
71795,47270,119065
11030,59281,70311
61761,11483,73244
1801,30427,32228
822,53468,54290
46385,55807,102192
41600,42996,84596
90574,21361,111935
95176,52453,147629
84412,26734,111146
30872,42099,72971
52692,60373,113065
36640,68976,105616
95831,58396,154227
53605,10179,63784
96669,31901,128570
52692,69651,122343
37872,43141,81013
73519,84415,157934
53440,5352,58792
73821,53279,127100
62735,15154,77889
17931,2820,20751
85928,80657,166585
17856,47481,65337
18384,47705,66089
88150,17879,106029
93747,19895,113642
22645,99785,122430
21197,35460,56657
40137,54737,94874
26013,65917,91930
47400,72033,119433
45014,65486,110500
68260,7712,75972
85387,99551,184938
99423,84138,183561
87344,90823,178167
63835,97195,161030
34505,78493,112998
5990,41460,47450
5374,33143,38517
54728,14866,69594
3617,39851,43468
40924,44985,85909
83726,21675,105401
20300,50120,70420
84739,54345,139084
27236,31564,58800
41614,77492,119106
17151,95973,113124
87900,13430,101330
90274,25038,115312
35925,56366,92291
68539,62427,130966
57130,9410,66540
16381,91887,108268
12139,60200,72339
77,60487,60564
69761,59736,129497
18868,99147,118015
28026,89683,117709
21118,21396,42514
97259,16636,113895
37662,78845,116507
48949,8021,56970
41695,72845,114540
93222,11149,104371
83721,90082,173803
32647,57300,89947
17716,38576,56292
83796,9147,92943
11771,49819,61590
56626,42625,99251
81907,48522,130429
70069,75674,145743
17405,75205,92610
4621,24007,28628
24946,17961,42907
57881,61709,119590
86535,10019,96554
73115,40847,113962
23284,76,23360
2627,21717,24344
91681,40564,132245
55249,44464,99713
85959,16820,102779
9578,24648,34226
77454,43278,120732
92092,73227,165319
11771,61131,72902
84791,55542,140333
17215,79279,96494
70165,69652,139817
80698,90164,170862
75455,96815,172270
85761,97872,183633
53064,79,53143
31082,19758,50840
47961,54476,102437
19525,64093,83618
89877,98839,188716
11051,78857,89908
54827,70729,125556
86810,91547,178357
30267,59733,90000
35288,45153,80441
66450,71866,138316
87251,78458,165709
92964,88261,181225
36557,9951,46508
97,32024,32121
65183,84608,149791
71587,55782,127369
32444,30366,62810
92042,10061,102103
76390,12140,88530
31526,48396,79922
91118,25779,116897
77977,21028,99005
3867,89079,92946
96846,48997,145843
3062,74516,77578
81083,71892,152975
67486,49636,117122
87383,26885,114268
61723,23596,85319
58636,90764,149400
86548,25570,112118
16509,41627,58136
25619,60949,86568
28424,29596,58020
41709,34152,75861
53369,7348,60717
21881,30760,52641
3550,36402,39952
24814,98773,123587
28814,33091,61905
46802,73288,120090
59232,6014,65246
13141,57038,70179
2015,47976,49991
16491,5624,22115
69937,29960,99897
54035,94562,148597
21407,88199,109606
30726,32988,63714
91213,17867,109080
69567,97360,166927
47784,78237,126021
19336,23607,42943
25925,87403,113328
88303,48584,136887
68279,55413,123692
18817,46992,65809
18352,706,19058
48708,70085,118793
58901,2600,61501
52596,4182,56778
38232,98360,136592
55079,21936,77015
86266,97182,183448
76600,91429,168029
64425,9508,73933
26821,24328,51149
64977,51366,116343
68292,96853,165145
84182,25716,109898
38327,75744,114071
44230,85233,129463
66902,65567,132469
26125,90848,116973
70049,57951,128000
22068,77203,99271
54504,35558,90062
47328,74577,121905
58586,48604,107190
82478,93138,175616
22391,71005,93396
29148,22507,51655
40862,92178,133040
50231,46078,96309
13004,1522,14526
17737,47494,65231
46158,10313,56471
22584,19336,41920
37743,48194,85937
65393,56494,121887
5624,93113,98737
27544,26078,53622
92282,994,93276
22764,13673,36437
23582,7661,31243
92761,96303,189064
22664,97441,120105
60344,50096,110440
35530,97474,133004
15537,66305,81842
68513,89222,157735
95015,12204,107219
99489,54781,154270
51831,9116,60947
29775,97554,127329
35878,10753,46631
85920,36946,122866
65486,66082,131568
85983,29256,115239
69312,39326,108638
27160,77477,104637
72368,52566,124934
65337,4917,70254
4657,65206,69863
33220,90727,123947
92984,80536,173520
88735,94031,182766
35689,75778,111467
11330,41776,53106
10169,53694,63863
91163,86155,177318
86680,24821,111501
1786,43826,45612
84256,38458,122714
27581,27376,54957
59506,58430,117936
34999,72110,107109
70820,95548,166368
16699,83308,100007
49604,86756,136360
78959,47165,126124
77451,50667,128118
66229,4151,70380
9823,47156,56979
83198,16251,99449
10443,14028,24471
53528,5144,58672
8273,62242,70515
22204,64063,86267
71838,67791,139629
54832,10772,65604
83399,75186,158585
43897,32809,76706
89929,86806,176735
73603,70489,144092
11516,66303,77819
2826,33984,36810
3783,71728,75511
24909,26127,51036
6530,13506,20036
78252,21670,99922
8997,62211,71208
54818,27973,82791
54163,82689,136852
82096,21531,103627
22827,52095,74922
88726,77973,166699
73751,6034,79785
42014,74229,116243
520,56452,56972
14814,9135,23949
98051,57117,155168
92147,93987,186134
68306,80203,148509
76853,82080,158933
28365,85880,114245
69713,70386,140099
90703,90074,180777
6740,25671,32411
33214,82628,115842
74697,39620,114317
20686,67782,88468
54154,28085,82239
54507,76452,130959
6713,8703,15416
57284,92739,150023
30874,11036,41910
33774,42887,76661
25666,38698,64364
4194,94754,98948
60130,43820,103950
13037,99874,112911
32797,26014,58811
60452,10178,70630
91279,76262,167541
67831,75118,142949
99364,18363,117727
32684,44480,77164
29894,18277,48171
51999,26884,78883
67131,45610,112741
41175,38856,80031
91111,42015,133126
37059,88333,125392
88528,99993,188521
52517,39478,91995
87367,20461,107828
99381,3306,102687
86732,60138,146870
37957,58606,96563
88658,63957,152615
48612,56926,105538
4782,976,5758
57200,1135,58335
26972,39481,66453
260,73539,73799
46497,34239,80736
57085,61363,118448
48202,98575,146777
94846,37419,132265
18638,14562,33200
46725,76347,123072
11787,92916,104703
41943,47297,89240
46678,19507,66185
95463,78115,173578
5190,24276,29466
84960,18805,103765
63497,34632,98129
11279,30079,41358
19923,58461,78384
64652,49506,114158
60,12681,12741
86875,43440,130315
40841,17544,58385
1290,25769,27059
24255,20351,44606
50508,55668,106176
42743,15634,58377
11699,86607,98306
43684,81067,124751
54824,68917,123741
74508,35618,110126
66690,2018,68708
39142,99246,138388
24560,94511,119071
9393,232,9625
27736,75921,103657
52393,75051,127444
41855,28914,70769
45458,2954,48412
33038,73348,106386
1447,71229,72676
73461,87279,160740
35386,18960,54346
60136,24717,84853
20044,17839,37883
9142,62860,72002
78722,80199,158921
8441,73380,81821
27375,8587,35962
98796,85610,184406
82544,50306,132850
19684,50555,70239
10872,845,11717
10561,83930,94491
64366,33483,97849
67920,60574,128494
58675,14169,72844
50903,44773,95676
14066,57743,71809
97742,22138,119880
57095,50986,108081
60816,80760,141576
86064,53836,139900
44649,54930,99579
77032,2853,79885
18476,26867,45343
60356,78204,138560
94210,23498,117708
14105,78386,92491
28929,51686,80615
96814,88570,185384
43645,21145,64790
99923,45681,145604
46028,6373,52401
9846,80238,90084
30317,62314,92631
74235,1814,76049
23680,7617,31297
29344,32455,61799
59453,80514,139967
90081,97173,187254
82,10504,10586
49260,17252,66512
48689,2056,50745
49891,1921,51812
29028,19319,48347
99412,24280,123692
45195,73099,118294
43055,78366,121421
60254,47541,107795
52487,53823,106310
9830,74,9904
76785,87913,164698
41313,74830,116143
80786,32538,113324
96746,65145,161891
51121,97450,148571
89656,32999,122655
56193,3558,59751
68581,88093,156674
87803,4564,92367
53114,1693,54807
75044,61921,136965
54835,62615,117450
9452,65859,75311
80819,84341,165160
88368,10254,98622
20059,19498,39557
74365,34538,108903
69154,32421,101575
91846,55330,147176
54431,41098,95529
96338,47514,143852
44440,64375,108815
11030,53595,64625
33110,78302,111412
19507,82034,101541
11379,96413,107792
38000,8068,46068
9467,87491,96958
43925,31458,75383
130,50506,50636
28973,82462,111435
73619,38718,112337
31744,40578,72322
5968,99073,105041
79805,60498,140303
87135,51564,138699
78974,93846,172820
95068,62560,157628
38235,43879,82114
41169,9097,50266
86378,91511,177889
93427,88371,181798
203,55130,55333
60341,19071,79412
62262,84876,147138
97372,79270,176642
64695,40354,105049
49814,9656,59470
38264,80761,119025
58133,41883,100016
41693,45727,87420
70638,41756,112394
5146,7783,12929
85504,14870,100374
95099,92627,187726
33,49015,49048
14551,10106,24657
36149,73814,109963
49571,439,50010
35567,61882,97449
4576,81240,85816
23630,34640,58270
70594,6972,77566
47345,56422,103767
53786,15216,69002
73564,26273,99837
81846,7147,88993
98403,1628,100031
57311,80659,137970
41251,24369,65620
99293,32146,131439
15054,72120,87174
58075,45913,103988
14728,62456,77184
84140,23256,107396
58568,83541,142109
34631,39764,74395
35811,55392,91203
90166,14646,104812
48406,19951,68357
59104,23156,82260
52609,12095,64704
84034,18219,102253
15260,35304,50564
47425,48868,96293
71673,25298,96971
92245,16979,109224
57699,59794,117493
77478,34416,111894
2768,63361,66129
87699,67328,155027
59476,84329,143805
13767,77808,91575
92659,26371,119030
84373,98937,183310
79787,57580,137367
64046,95025,159071
48097,6515,54612
44554,90829,135383
34911,38025,72936
69131,19807,88938
68672,97284,165956
54180,81028,135208
2656,17750,20406
36575,87081,123656
14837,70833,85670
58634,90234,148868
58930,78680,137610
59451,48455,107906
51768,29920,81688
35833,22107,57940
42851,38583,81434
83045,22250,105295
79148,10513,89661
17494,15401,32895
82830,37065,119895
81462,22947,104409
33453,91827,125280
67651,80682,148333
97395,61831,159226
91754,51597,143351
80417,25943,106360
45460,48445,93905
33039,62548,95587
3777,20184,23961
33618,20361,53979
34125,66939,101064
67701,19256,86957
48129,24287,72416
87911,50798,138709
2710,31915,34625
29708,41309,71017
44813,64415,109228
25839,64593,90432
42301,20801,63102
97902,8146,106048
95357,4126,99483
55375,10830,66205
87000,89654,176654
12529,74303,86832
22992,7853,30845
49818,82360,132178
80725,19125,99850
90597,91235,181832
2634,65663,68297
22292,34297,56589
74218,23600,97818
34714,69851,104565
4716,44455,49171
88364,80225,168589
12680,37531,50211
40782,72600,113382
85008,21179,106187
4711,84580,89291
42696,37178,79874
77444,97311,174755
65910,59942,125852
40366,96112,136478
72225,34350,106575
25933,38057,63990
79663,93752,173415
21278,51313,72591
22063,55303,77366
4646,35248,39894
8846,79958,88804
34055,81313,115368
13360,33508,46868
73932,95573,169505
82804,33765,116569
98359,72293,170652
47150,17376,64526
44487,27599,72086
7305,12445,19750
28346,767,29113
43788,47809,91597
25090,52091,77181
97016,96945,193961
72252,9793,82045
84241,98620,182861
31965,24096,56061
73611,35664,109275
92710,76292,169002
62666,24272,86938
90686,94187,184873
60954,99781,160735
43315,58394,101709
25879,27673,53552
46499,51497,97996
12818,2979,15797
35602,91303,126905
20882,81841,102723
22509,55626,78135
26844,36445,63289
2348,1898,4246
33077,76835,109912
93472,13771,107243
81829,24284,106113
59486,32839,92325
77154,11444,88598
39484,10921,50405
34837,13878,48715
85077,17666,102743
74896,57172,132068
49483,21014,70497
49023,70575,119598
90414,78132,168546
58112,66980,125092
93015,68796,161811
96773,70305,167078
63605,67340,130945
23222,87291,110513
94764,3757,98521
70853,44929,115782
48643,29062,77705
39868,20409,60277
45136,34085,79221
12427,12940,25367
48197,54987,103184
97231,85724,182955
11291,58450,69741
45856,67887,113743
57847,90054,147901
52522,2908,55430
45306,73887,119193
35392,59290,94682
44818,65447,110265
15420,68101,83521
49561,35593,85154
60813,46878,107691
7044,52585,59629
22378,66024,88402
92545,5177,97722
42077,14342,56419
94184,58221,152405
29640,5290,34930
6663,86112,92775
60148,85412,145560
37207,50970,88177
75455,72577,148032
90086,26985,117071
47803,78081,125884
4907,18557,23464
15722,6596,22318
70791,44928,115719
23598,19137,42735
1721,58864,60585
11985,94826,106811
75648,84429,160077
29634,70599,100233
16750,43217,59967
51422,82317,133739
49265,87266,136531
1426,12987,14413
8207,5071,13278
19390,55323,74713
65502,9234,74736
35538,38224,73762
97426,98249,195675
97341,38514,135855
43489,63994,107483
58850,43289,102139
5420,68473,73893
41853,96747,138600
22741,59322,82063
90151,63587,153738
87874,5791,93665
23687,28396,52083
93949,43312,137261
4500,21185,25685
3049,75616,78665
3495,15753,19248
47800,84987,132787
9544,68151,77695
49937,61343,111280
23650,76717,100367
20970,37883,58853
99742,85693,185435
42134,61787,103921
24448,47202,71650
47527,73666,121193
3032,39335,42367
65907,3949,69856
97871,94893,192764
73132,58742,131874
43471,39267,82738
40064,490,40554
92184,93993,186177
13279,52172,65451
4400,46152,50552
76966,58843,135809
52403,43282,95685
23922,37821,61743
50684,45094,95778
99956,75598,175554
28019,60111,88130
73494,6999,80493
9234,26318,35552
42256,95012,137268
36732,50155,86887
26738,3935,30673
67118,11961,79079
34820,78883,113703
56796,9924,66720
52670,76457,129127
88710,48411,137121
66065,98225,164290
49634,4775,54409
43935,87486,131421
51493,82251,133744
69565,54615,124180
78353,39669,118022
84277,72347,156624
5124,26792,31916
9861,95886,105747
12296,43097,55393
83124,79193,162317
97463,29453,126916
21562,33897,55459
76564,74334,150898
22018,41814,63832
69681,17462,87143
44780,26243,71023
32797,78517,111314
8099,39180,47279
50151,97585,147736
68772,39890,108662
29170,70710,99880
49234,31729,80963
38463,36678,75141
85211,3949,89160
67358,40252,107610
83616,40719,124335
28368,98537,126905
60174,48127,108301
2395,35576,37971
74659,24322,98981
74867,90698,165565
39389,547,39936
37465,69549,107014
96137,22958,119095
36426,57962,94388
86336,48611,134947
69915,66464,136379
63318,12894,76212
81615,91727,173342
19111,16124,35235
60485,38102,98587
90519,70277,160796
60184,70269,130453
9261,27097,36358
46099,9541,55640
7518,31582,39100
84336,27747,112083
7634,97127,104761
69286,43659,112945
94906,28579,123485
80280,40325,120605
22868,84171,107039
72033,29408,101441
36341,62139,98480
36300,72185,108485
51131,96355,147486
27284,11219,38503
71914,13345,85259
93122,55397,148519
90788,33358,124146
31537,83027,114564
18937,28513,47450
13189,90349,103538
21025,94353,115378
51353,89135,140488
12671,58981,71652
68177,83277,151454
41937,70259,112196
70132,81851,151983
30856,56100,86956
48696,32635,81331
13184,82058,95242
54576,84852,139428
81844,9480,91324
50868,9716,60584
1686,70378,72064
46131,60368,106499
25039,65122,90161
50706,99166,149872
28064,21650,49714
33495,80506,114001
13612,19310,32922
44673,8690,53363
15711,32166,47877
20904,55021,75925
85849,24234,110083
63657,38032,101689
20726,67797,88523
42083,39955,82038
33588,10311,43899
97917,95527,193444
81599,43335,124934
41334,71836,113170
45033,80478,125511
12589,28653,41242
75457,68923,144380
65827,86134,151961
6837,74116,80953
17726,49398,67124
44088,1648,45736
41078,69149,110227
49527,51720,101247
20354,8185,28539
31575,54973,86548
1994,35533,37527
17149,8163,25312
50615,28660,79275
29168,64616,93784
51417,15939,67356
57806,37566,95372
8768,63286,72054
59209,60656,119865
64188,58729,122917
4563,38707,43270
95187,45425,140612
22467,58169,80636
3656,20858,24514
93891,99004,192895
19444,41431,60875
79372,23815,103187
59728,4275,64003
86788,47900,134688
12620,6541,19161
76269,28631,104900
65278,4224,69502
91919,32443,124362
49389,73934,123323
64288,76982,141270
7983,77913,85896
46899,55796,102695
95122,1782,96904
54822,89620,144442
11232,99251,110483
14259,5926,20185
94580,24943,119523
62779,8845,71624
86082,20126,106208
48199,33830,82029
76966,56250,133216
6962,24340,31302
63868,41120,104988
77541,36122,113663
95603,91476,187079
2953,93524,96477
44129,59350,103479
27529,27925,55454
1917,66119,68036
92307,78583,170890
70605,31400,102005
68601,45076,113677
34997,67985,102982
71225,92901,164126
72327,75328,147655
27623,26272,53895
2432,58509,60941
79845,43450,123295
1192,14162,15354
53562,3351,56913
41510,46117,87627
72333,37655,109988
91316,90866,182182
5351,93644,98995
51916,43835,95751
31870,4334,36204
3243,48303,51546
77957,30204,108161
30916,94275,125191
87043,26867,113910
84041,68146,152187
21435,173,21608
96460,43112,139572
22430,46001,68431
74589,4600,79189
56809,48660,105469
65759,93330,159089
33256,85037,118293
84988,29746,114734
8228,47774,56002
5917,13853,19770
79857,48017,127874
26568,73128,99696
43912,18908,62820
98784,5318,104102
52188,56851,109039
59097,3235,62332
70788,8607,79395
26275,61434,87709
59925,88026,147951
31114,57547,88661
79983,46028,126011
94256,86544,180800
97293,51995,149288
57307,90137,147444
29448,16935,46383
52226,76755,128981
48314,57004,105318
46950,47030,93980
31471,71219,102690
70760,40977,111737
56563,38810,95373
80964,43648,124612
66469,98466,164935
12795,67021,79816
80727,84140,164867
94898,37163,132061
33201,15225,48426
39208,44311,83519
87030,79485,166515
7945,59887,67832
78005,72944,150949
40741,79215,119956
18697,76947,95644
99391,31002,130393
66418,5342,71760
6587,73609,80196
69961,44989,114950
92623,47103,139726
80913,69839,150752
68707,76144,144851
72753,72255,145008
3218,50396,53614
77899,72905,150804
57638,50902,108540
84648,18145,102793
58289,34038,92327
30744,10093,40837
31225,66667,97892
76899,4267,81166
9671,85827,95498
54576,18395,72971
4546,57379,61925
58101,31311,89412
77160,76066,153226
45498,99221,144719
58022,40405,98427
87747,19050,106797
46344,98749,145093
81482,94642,176124
88413,93723,182136
59814,57745,117559
14629,42183,56812
8611,12059,20670
95287,43205,138492
41683,11494,53177
45327,88097,133424
18265,11601,29866
96943,27137,124080
5349,15051,20400
76470,56794,133264
6251,16600,22851
24133,42946,67079
76424,88773,165197
74708,47229,121937
87068,64808,151876
47698,70290,117988
77093,47461,124554
36395,35951,72346
26246,86591,112837
91194,20616,111810
3232,32674,35906
9635,58140,67775
54134,66130,120264
51703,76200,127903
66013,57863,123876
28537,18894,47431
85043,9428,94471
78771,42266,121037
83929,96418,180347
49030,56590,105620
29939,36613,66552
57944,39982,97926
72817,11744,84561
29537,98683,128220
26942,53052,79994
61664,84966,146630
57194,85640,142834
27849,31199,59048
42852,55355,98207
22074,30873,52947
68698,26234,94932
30152,16922,47074
23829,51614,75443
71127,29136,100263
37137,69112,106249
36876,68306,105182
65307,42357,107664
22671,54696,77367
49007,47973,96980
13426,53665,67091
42405,15862,58267
63496,96376,159872
26924,78801,105725
10490,16845,27335
87807,72519,160326
17420,61011,78431
78370,44703,123073
23878,18368,42246
20712,61787,82499
86862,26548,113410
77407,51939,129346
57407,44982,102389
6538,9029,15567
65954,27119,93073
39990,75693,115683
43121,29286,72407
63603,5956,69559
98827,22633,121460
44314,2064,46378
77163,7153,84316
43351,83541,126892
21788,15141,36929
43950,78413,122363
86313,20628,106941
6459,27269,33728
15218,93916,109134
39021,55569,94590
65772,68284,134056
3226,31537,34763
48037,45093,93130
66712,10380,77092
37552,64968,102520
73064,17488,90552
10526,27398,37924
15031,7867,22898
80295,58010,138305
30046,92611,122657
2531,56396,58927
60894,73308,134202
34536,73723,108259
69867,2614,72481
37373,48962,86335
95730,18512,114242
58479,40962,99441
13743,58286,72029
70893,86164,157057
27543,23515,51058
68872,55685,124557
31173,31260,62433
2925,31375,34300
85270,1609,86879
57159,54466,111625
5876,66061,71937
87811,84844,172655
17455,86601,104056
3556,87662,91218
18071,85379,103450
66360,62645,129005
31627,58219,89846
70139,3654,73793
57349,42041,99390
3668,89548,93216
52044,87033,139077
1890,20637,22527
43097,58450,101547
10835,13433,24268
99287,8692,107979
24022,75634,99656
63710,22948,86658
962,32175,33137
95390,72356,167746
25397,2412,27809
85927,30834,116761
31720,70892,102612
17120,19922,37042
4683,7043,11726
92644,44532,137176
718,87514,88232
26070,62222,88292
18702,28659,47361
51118,59483,110601
98856,91959,190815
10907,86137,97044
12543,51974,64517
63568,22092,85660
59381,2151,61532
97714,42474,140188
86652,66783,153435
80928,82564,163492
26778,41564,68342
33345,21623,54968
79588,66677,146265
64679,19923,84602
15898,41247,57145
72095,34273,106368
57654,62991,120645
68002,9041,77043
26676,90896,117572
79560,49582,129142
99986,66468,166454
39916,9875,49791
56659,19505,76164
72625,23532,96157
25569,19043,44612
75327,78688,154015
79884,4559,84443
42296,15904,58200
57873,43977,101850
21300,10050,31350
33762,33388,67150
3520,41810,45330
56523,84408,140931
28171,2850,31021
53989,75166,129155
60555,33878,94433
40877,19816,60693
19333,66932,86265
58262,44223,102485
77402,65227,142629
35425,69329,104754
47775,94282,142057
67136,19819,86955
72980,64271,137251
31674,92955,124629
5542,3717,9259
98616,21833,120449
72191,45455,117646
57750,31720,89470
21327,67888,89215
23597,3333,26930
49677,68115,117792
46003,53556,99559
59247,96735,155982
35535,28695,64230
2881,96038,98919
8898,11636,20534
57223,44467,101690
61269,92996,154265
28416,54327,82743
71350,16042,87392
47807,34539,82346
1874,21830,23704
35127,8644,43771
16774,45816,62590
45537,64284,109821
90714,79381,170095
48713,3907,52620
1057,30063,31120
98750,79449,178199
76312,73851,150163
19350,89235,108585
1167,90145,91312
89578,50956,140534
12594,59743,72337
83460,28754,112214
99187,75038,174225
37510,53029,90539
21625,91692,113317
72877,56688,129565
99474,39987,139461
801,84429,85230
8979,59180,68159
5387,42349,47736
96134,38088,134222
37750,81684,119434
55880,68624,124504
31772,14195,45967
86008,51685,137693
90036,76328,166364
15071,47240,62311
35161,61934,97095
95614,59147,154761
35658,30310,65968
29830,17768,47598
4685,36729,41414
62400,4821,67221
24521,80130,104651
11726,98660,110386
73516,57036,130552
78523,33313,111836
18237,20639,38876
85721,44295,130016
13028,96923,109951
12743,77296,90039
6938,12159,19097
84862,92018,176880
70770,84211,154981
37515,61945,99460
97146,75558,172704
84386,56392,140778
21003,41370,62373
30633,84158,114791
27704,13696,41400
44738,69389,114127
84560,79347,163907
39272,48197,87469
39911,57032,96943
96068,34387,130455
46833,39497,86330
80454,49312,129766
39717,61251,100968
53190,44822,98012
70448,12328,82776
7382,47384,54766
20465,86920,107385
81199,92622,173821
83007,10893,93900
61771,2438,64209
81210,77285,158495
96284,52727,149011
51026,61029,112055
41460,7770,49230
72426,49969,122395
28849,22024,50873
5096,83882,88978
46434,76240,122674
26817,80871,107688
34199,33029,67228
98166,82851,181017
91784,1780,93564
33353,45314,78667
89145,54098,143243
56181,39260,95441
25789,63725,89514
19004,98145,117149
8158,46173,54331
18717,75040,93757
55126,51269,106395
88239,8639,96878
32255,81023,113278
579,73946,74525
84600,27042,111642
74746,61972,136718
9102,49470,58572
19851,13287,33138
13112,67366,80478
76631,87298,163929
30557,80031,110588
5279,25072,30351
75915,19008,94923
73979,96383,170362
68058,6211,74269
14413,59906,74319
50715,3511,54226
66399,52577,118976
79215,40547,119762
53631,85122,138753
51349,75652,127001
46114,55989,102103
83425,3168,86593
44608,66642,111250
58928,51094,110022
20860,8324,29184
18156,67632,85788
11653,79056,90709
19955,91665,111620
29576,5448,35024
14713,58627,73340
57629,23696,81325
32673,44948,77621
42205,93603,135808
91355,6215,97570
41763,75730,117493
56124,35057,91181
55571,24084,79655
32185,9562,41747
95654,64107,159761
77302,98887,176189
12580,26138,38718
10918,94916,105834
30273,25208,55481
824,54302,55126
93891,15458,109349
53458,28663,82121
38706,50304,89010
84916,34342,119258
21533,98144,119677
93787,3347,97134
37988,25504,63492
21609,54621,76230
23592,78460,102052
57732,9671,67403
24972,89431,114403
9193,63786,72979
40331,48872,89203
42884,71462,114346
96539,13592,110131
40783,94363,135146
25593,60933,86526
6864,19967,26831
47795,39345,87140
34750,91073,125823
21060,41239,62299
22646,34550,57196
17698,26558,44256
21530,82967,104497
34910,20344,55254
25193,49068,74261
52755,20957,73712
53687,42291,95978
6952,66198,73150
67742,30340,98082
17442,49190,66632
2572,63817,66389
12804,18395,31199
88366,55679,144045
49925,21099,71024
65905,62169,128074
39677,99311,138988
37211,2190,39401
17063,95588,112651
43326,93122,136448
65083,68044,133127
34488,97535,132023
30198,26787,56985
81596,12819,94415
99428,95939,195367
78699,49731,128430
4293,56185,60478
76757,69875,146632
53740,44181,97921
70442,88102,158544
8809,36159,44968
65536,35547,101083
39381,37125,76506
49066,80365,129431
91961,31743,123704
60907,81248,142155
38332,28342,66674
85538,68716,154254
37179,36469,73648
49709,80187,129896
65938,92074,158012
31455,7536,38991
13863,70104,83967
41918,19962,61880
71631,31151,102782
56138,67400,123538
60849,70423,131272
54850,66749,121599
41159,79269,120428
34663,44794,79457
31294,65259,96553
75241,41775,117016
81089,12756,93845
63114,75550,138664
78374,26718,105092
97635,18495,116130
33505,68309,101814
14531,39644,54175
13906,64930,78836
92600,78132,170732
30168,21612,51780
52296,78220,130516
82955,3480,86435
44268,44465,88733
26552,75032,101584
79344,56373,135717
58773,77116,135889
60992,44391,105383
57683,1945,59628
31297,31249,62546
48281,26602,74883
86995,23211,110206
59237,31764,91001
3596,71248,74844
17968,84424,102392
85308,26387,111695
39285,94762,134047
20892,41013,61905
62919,62734,125653
90020,2054,92074
48634,4003,52637
48542,5231,53773
47322,69351,116673
14669,95841,110510
69603,24114,93717
76354,91303,167657
51473,86783,138256
44732,63786,108518
92629,22004,114633
11369,86682,98051
61958,31872,93830
69932,60738,130670
88659,41031,129690
45992,82777,128769
91720,78704,170424
42335,109,42444
5025,63062,68087
366,17246,17612
2983,52810,55793
87758,8475,96233
22109,32647,54756
64490,13520,78010
84561,51748,136309
43447,69438,112885
18197,10516,28713
28066,74265,102331
86583,59013,145596
36880,96186,133066
63288,75548,138836
6096,32093,38189
7713,66071,73784
71393,18573,89966
84850,340,85190
1284,46262,47546
67868,29188,97056
48834,63299,112133
73600,51860,125460
49233,62984,112217
55023,43779,98802
9304,13300,22604
38521,19478,57999
78722,20507,99229
29544,10367,39911
99923,27829,127752
46688,82534,129222
6787,67753,74540
81475,55022,136497
58015,96141,154156
15756,28208,43964
70292,22865,93157
78064,22434,100498
85452,75100,160552
25485,24,25509
4697,79462,84159
83927,83837,167764
30905,55341,86246
87903,84046,171949
3590,54351,57941
50949,91197,142146
73215,2595,75810
12652,32370,45022
57272,37922,95194
82974,25134,108108
24361,18999,43360
34120,71227,105347
55156,71359,126515
17622,62976,80598
63255,51306,114561
7152,56691,63843
17971,26498,44469
1978,52774,54752
55286,59175,114461
39256,49289,88545
26328,66207,92535
29148,70845,99993
81409,68815,150224
18750,94715,113465
68254,53047,121301
56602,33670,90272
76015,16814,92829
65635,48251,113886
64763,41152,105915
35207,64088,99295
19470,91517,110987
63004,41860,104864
73511,29351,102862
10013,58869,68882
53247,7570,60817
78905,2660,81565
45221,23720,68941
89926,94620,184546
99722,77268,176990
70656,25648,96304
69897,86552,156449
95800,23777,119577
17173,39383,56556
84703,47897,132600
61666,71962,133628
94240,47114,141354
57813,92435,150248
23687,73331,97018
76984,87194,164178
96695,64839,161534
11387,11404,22791
95949,55531,151480
7908,20173,28081
88112,98785,186897
13118,65619,78737
90218,83955,174173
39573,51774,91347
30990,78413,109403
87218,29003,116221
84310,21724,106034
22747,20215,42962
84667,7600,92267
29686,11566,41252
38144,89440,127584
80257,23371,103628
84638,25644,110282
34439,8604,43043
33939,89676,123615
92154,57133,149287
69524,39433,108957
80889,36873,117762
2962,38141,41103
51491,19654,71145
29571,51253,80824
76323,88184,164507
30163,31776,61939
66483,59595,126078
90185,37067,127252
41984,89369,131353
77491,60919,138410
20026,79117,99143
70643,27803,98446
30069,13613,43682
75047,88390,163437
50070,48330,98400
81898,38496,120394
52944,97936,150880
52667,36289,88956
75737,29952,105689
53129,82003,135132
56828,23251,80079
52203,29354,81557
4540,72136,76676
63306,94803,158109
39461,10988,50449
89039,74073,163112
6924,62583,69507
22493,41139,63632
31495,31268,62763
44338,40701,85039
88921,74353,163274
82980,19543,102523
76749,3394,80143
86523,85570,172093
18047,49381,67428
99379,37544,136923
95465,20551,116016
66016,76991,143007
70775,31165,101940
8307,89292,97599
58167,3371,61538
93591,31188,124779
62201,4579,66780
47795,20505,68300
55702,2892,58594
16318,8543,24861
33762,65105,98867
94545,95453,189998
89797,53936,143733
67364,90242,157606
50010,30149,80159
41191,76406,117597
55475,32068,87543
24843,15297,40140
59546,8862,68408
86575,19547,106122
8945,60004,68949
15915,46952,62867
29763,57062,86825
64183,18375,82558
14617,98368,112985
39253,93911,133164
6340,8574,14914
549,4815,5364
37244,20164,57408
76180,96413,172593
70531,46502,117033
68555,45657,114212
37875,28881,66756
44610,75044,119654
24759,82411,107170
77807,93489,171296
80408,26171,106579
22161,93237,115398
71712,89390,161102
8043,98152,106195
74222,91574,165796
70646,87472,158118
89056,75013,164069
1980,30980,32960
99704,23047,122751
51595,66300,117895
15674,95549,111223
11313,62102,73415
55198,18709,73907
41222,84715,125937
94572,10076,104648
68295,8058,76353
83216,98002,181218
74754,95751,170505
18258,28549,46807
79644,21519,101163
37107,804,37911
98167,78324,176491
53061,79326,132387
75537,73550,149087
69640,53556,123196
2192,80968,83160
62806,58022,120828
41701,54016,95717
59829,65054,124883
64969,83559,148528
79296,52241,131537
6504,5089,11593
50969,83943,134912
77303,79441,156744
83244,80207,163451
7786,14471,22257
25743,75685,101428
85405,59255,144660
46186,3696,49882
76876,77851,154727
72411,88652,161063
5566,75476,81042
53596,54254,107850
46666,55374,102040
94702,49210,143912
63837,92845,156682
69863,15664,85527
69437,31032,100469
29535,46127,75662
48692,60455,109147
88017,72019,160036
31619,16324,47943
82268,56594,138862
50247,12284,62531
90639,20587,111226
85150,35862,121012
57625,91037,148662
78246,85902,164148
97289,82007,179296
99462,43423,142885
34483,33845,68328
71128,21816,92944
40406,16978,57384
29391,94001,123392
43801,65721,109522
18961,90769,109730
36087,46205,82292
31657,9683,41340
51552,27791,79343
63990,7158,71148
44029,58774,102803
48614,37615,86229
33345,33435,66780
59822,81779,141601
361,31509,31870
97953,98013,195966
73499,22997,96496
4869,53825,58694
84298,61671,145969
88238,50561,138799
71971,49087,121058
81713,3194,84907
73297,1150,74447
75548,29556,105104
65068,11307,76375
50907,3660,54567
79565,24641,104206
96843,82113,178956
30173,22289,52462
27138,81694,108832
27915,91735,119650
69302,76032,145334
52637,58659,111296
74716,91166,165882
98901,45680,144581
68761,19421,88182
52917,60865,113782
43577,85244,128821
47495,46417,93912
28912,54276,83188
50158,35144,85302
76057,19442,95499
65291,27574,92865
9166,41899,51065
96395,91282,187677
25476,73180,98656
90575,47068,137643
89994,74272,164266
92147,80000,172147
53489,20445,73934
40455,10683,51138
29529,10863,40392
34288,36213,70501
7817,49099,56916
31776,90386,122162
7804,11722,19526
91719,57767,149486
44561,45597,90158
27664,29526,57190
21512,9289,30801
52648,84237,136885
91452,38697,130149
19214,59412,78626
96308,85597,181905
33359,22103,55462
59562,41359,100921
51832,67294,119126
60063,77837,137900
60444,60058,120502
73891,9006,82897
7147,16167,23314
78319,52221,130540
19669,32814,52483
59720,77960,137680
39718,24821,64539
17818,54422,72240
88915,71923,160838
35507,49327,84834
38513,60934,99447
44042,68322,112364
89941,89125,179066
94689,91935,186624
92849,8033,100882
59626,47124,106750
79474,70203,149677
64967,93852,158819
60627,49246,109873
81835,67331,149166
11185,83952,95137
63216,29967,93183
11470,29304,40774
32423,17246,49669
29257,32941,62198
77993,44813,122806
81136,86664,167800
45168,62413,107581
99962,43760,143722
83730,39159,122889
16144,73902,90046
89015,85391,174406
78872,88898,167770
71514,42108,113622
64103,45621,109724
43590,45562,89152
29290,81597,110887
98967,993,99960
20896,16585,37481
60472,7458,67930
14610,4346,18956
41046,95990,137036
62539,41229,103768
61703,41909,103612
87278,28428,115706
49888,70020,119908
49205,10817,60022
74070,27954,102024
59393,98218,157611
70702,7142,77844
3548,94458,98006
34420,57762,92182
97366,79719,177085
54275,51310,105585
28110,96328,124438
73695,91956,165651
18206,42360,60566
65010,97602,162612
50663,72821,123484
96549,45047,141596
84290,67524,151814
17170,6824,23994
1196,63368,64564
26476,33619,60095
75193,34220,109413
1723,14303,16026
42677,79817,122494
75355,52281,127636
73333,44190,117523
39109,55913,95022
79732,7907,87639
98767,15651,114418
71472,98846,170318
1173,45981,47154
9198,32455,41653
65976,27951,93927
9611,10732,20343
99633,80378,180011
17575,574,18149
63008,63704,126712
95072,6254,101326
35910,85644,121554
31400,9737,41137
31170,86135,117305
2299,78630,80929
88267,67282,155549
67180,37534,104714
72773,25885,98658
54373,51796,106169
50906,74066,124972
35960,40915,76875
40831,87065,127896
13815,94005,107820
74782,63171,137953
69853,59083,128936
90333,65876,156209
4263,72250,76513
88293,82463,170756
99263,83147,182410
63290,74949,138239
61701,89270,150971
10602,32837,43439
25558,98643,124201
78665,49894,128559
19497,26726,46223
97412,84168,181580
66468,9360,75828
49794,30479,80273
60132,29974,90106
52806,35563,88369
64024,19964,83988
91563,39709,131272
62381,8232,70613
24369,39262,63631
48070,88830,136900
66316,23914,90230
4823,83627,88450
70379,24800,95179
9977,84194,94171
43394,92688,136082
74840,10427,85267
7869,68613,76482
91005,40203,131208
78122,98271,176393
61651,71857,133508
70268,34232,104500
43441,53634,97075
15115,72407,87522
21499,66517,88016
67607,50554,118161
66700,46855,113555
89548,89231,178779
7611,91315,98926
67682,78242,145924
88412,35880,124292
61133,37763,98896
60027,66107,126134
2130,42866,44996
75951,66269,142220
6684,39652,46336
70180,83118,153298
83883,85398,169281
23342,11915,35257
93976,84282,178258
50516,37365,87881
60682,89229,149911
24948,65768,90716
13308,83579,96887
21357,94307,115664
26779,44576,71355
46500,28505,75005
3289,50085,53374
53151,90196,143347
23030,73902,96932
15299,65209,80508
54823,45777,100600
20067,32750,52817
12806,7926,20732
23720,84950,108670
70984,25433,96417
77211,18388,95599
3832,55217,59049
54546,48612,103158
76742,55527,132269
37925,27855,65780
11381,52044,63425
93892,37238,131130
48806,89108,137914
11117,19094,30211
52876,85233,138109
84181,94469,178650
31207,37635,68842
61863,39247,101110
60274,47793,108067
74065,33667,107732
85978,42059,128037
91669,86980,178649
35197,33010,68207
56008,985,56993
5730,38419,44149
83278,76464,159742
41434,37434,78868
27068,43602,70670
30488,74817,105305
36792,35438,72230
44522,78384,122906
38116,28261,66377
50586,44697,95283
36580,62945,99525
26443,77376,103819
39743,13787,53530
69626,59618,129244
24894,50446,75340
29782,22958,52740
26913,53906,80819
99498,5194,104692
43457,38395,81852
36359,30418,66777
40443,45211,85654
27762,5880,33642
78684,67070,145754
91610,90615,182225
79907,59288,139195
35967,19113,55080
64938,65976,130914
32011,23390,55401
74166,62800,136966
75401,77139,152540
59341,68369,127710
91919,40320,132239
35476,49197,84673
78124,54618,132742
98528,98010,196538
94819,5054,99873
41951,73903,115854
90505,88175,178680
49754,36252,86006
36026,24594,60620
20452,9349,29801
55556,41682,97238
55619,31074,86693
44846,82218,127064
45427,40698,86125
77265,33001,110266
38944,4678,43622
82623,50666,133289
79401,27416,106817
44324,31849,76173
935,57883,58818
8325,86767,95092
87170,11175,98345
32611,70730,103341
1319,31883,33202
97374,88120,185494
97987,21855,119842
63472,3264,66736
25037,65339,90376
13186,97263,110449
78458,15951,94409
14610,56666,71276
56621,58206,114827
73920,20948,94868
64413,30948,95361
23275,64716,87991
44185,28945,73130
62203,27023,89226
75617,68283,143900
90000,37278,127278
62211,90093,152304
67137,36533,103670
83278,89553,172831
93976,80714,174690
66085,71531,137616
78389,19763,98152
22927,10239,33166
6497,34379,40876
63694,3924,67618
93395,54840,148235
72517,12782,85299
92191,96417,188608
69004,10473,79477
32265,8027,40292
57837,6926,64763
53521,19270,72791
7277,52750,60027
51808,1384,53192
61358,37543,98901
57113,85867,142980
34136,86992,121128
80616,32687,113303
11214,5753,16967
4543,99418,103961
17893,39734,57627
12113,6973,19086
73934,63152,137086
4658,42370,47028
33202,94995,128197
58149,92217,150366
35517,67926,103443
96673,7738,104411
28809,93367,122176
82897,45648,128545
53278,34346,87624
45398,11073,56471
99634,20630,120264
83313,2629,85942
32086,75457,107543
70088,26418,96506
92464,33229,125693
9213,79106,88319
95807,36098,131905
7199,19129,26328
24803,10110,34913
49623,84893,134516
80415,49380,129795
28763,26896,55659
11503,31660,43163
93587,37110,130697
17005,20314,37319
11389,37712,49101
42752,50288,93040
86163,32045,118208
88840,70383,159223
93603,12109,105712
77901,58183,136084
72348,13604,85952
56805,82343,139148
42573,82829,125402
45289,15101,60390
85441,45906,131347
85071,7999,93070
24041,91685,115726
44820,35800,80620
35044,3189,38233
39441,98652,138093
5012,83593,88605
51295,31736,83031
50070,86778,136848
52322,20086,72408
41700,94874,136574
33669,73137,106806
7516,56809,64325
22578,28491,51069
91502,92798,184300
31504,90416,121920
49711,1884,51595
52038,31873,83911
62853,45514,108367
63730,10387,74117
96143,28638,124781
53924,70168,124092
7450,68364,75814
94965,75061,170026
50303,70991,121294
14606,94052,108658
97942,41472,139414
69919,5585,75504
21878,81460,103338
3317,85952,89269
29537,59668,89205
46266,37667,83933
41717,72755,114472
70702,1668,72370
91416,13144,104560
9856,74867,84723
53,48157,48210
25260,17873,43133
95719,41005,136724
38443,15509,53952
6620,58773,65393
8092,52683,60775
30101,6079,36180
96797,38044,134841
96461,28679,125140
68294,94453,162747
73407,26955,100362
19525,94167,113692
59945,27477,87422
53162,76590,129752
8609,28662,37271
23277,61668,84945
26552,87518,114070
64158,97408,161566
55578,11311,66889
73642,29521,103163
69000,63490,132490
51177,87515,138692
63796,60980,124776
54378,1642,56020
33430,70082,103512
7528,14562,22090
24339,9106,33445
91895,82087,173982
21305,3317,24622
25937,62159,88096
50887,1391,52278
50405,82814,133219
93087,81922,175009
53812,19955,73767
8334,30653,38987
2280,37139,39419
9566,59012,68578
70370,2754,73124
62966,81335,144301
77839,56761,134600
66671,27557,94228
866,87857,88723
32267,42714,74981
98954,29588,128542
38626,52182,90808
62350,34130,96480
76565,67460,144025
93851,67339,161190
90024,57477,147501
23642,12135,35777
92085,32528,124613
42665,79074,121739
85812,12044,97856
51857,65914,117771
41237,61043,102280
24219,36316,60535
4461,76491,80952
12508,72557,85065
99775,40400,140175
19735,69604,89339
79128,13104,92232
82704,93510,176214
52634,71793,124427
25948,39824,65772
61234,60272,121506
98521,43589,142110
97507,63682,161189
52574,42913,95487
20331,74470,94801
72368,46055,118423
40067,4658,44725
71626,98287,169913
85647,53345,138992
57658,52205,109863
14826,60452,75278
47105,82266,129371
44679,99383,144062
33003,14308,47311
70357,18204,88561
552,12674,13226
1857,42909,44766
58330,5834,64164
99959,29958,129917
44898,39422,84320
80609,64218,144827
2314,98641,100955
22832,45903,68735
26603,84353,110956
30961,9045,40006
4808,15831,20639
27020,14998,42018
38283,69769,108052
68084,53975,122059
61767,54355,116122
58710,62322,121032
38826,72117,110943
19348,13882,33230
96213,57209,153422
23685,59288,82973
7621,45971,53592
19914,41784,61698
31071,17378,48449
96845,90348,187193
70200,88000,158200
68921,14323,83244
44678,10917,55595
98469,74912,173381
8402,31488,39890
36952,57067,94019
85232,62457,147689
182,4336,4518
15719,19982,35701
64767,32634,97401
64546,22708,87254
17684,73441,91125
84716,84403,169119
62042,23370,85412
50955,230,51185
40656,27360,68016
33203,1272,34475
75333,34303,109636
71998,67457,139455
6073,22120,28193
15204,76527,91731
39075,88497,127572
80693,78686,159379
67986,15007,82993
5107,77867,82974
31262,2576,33838
34429,7414,41843
11470,98647,110117
36157,4082,40239
29662,5801,35463
62446,95752,158198
38104,36543,74647
19864,89506,109370
37050,29084,66134
27535,94539,122074
63548,59850,123398
16256,59644,75900
42083,81042,123125
35599,8660,44259
54804,34734,89538
84173,64743,148916
70059,69828,139887
83505,24951,108456
13578,70653,84231
36144,31263,67407
63663,18585,82248
62745,11793,74538
88517,78579,167096
40781,5926,46707
27269,74611,101880
12472,16942,29414
32341,57204,89545
7815,55238,63053
24083,45023,69106
92984,7078,100062
77541,8463,86004
21510,12501,34011
55521,60620,116141
45919,45845,91764
71704,92703,164407
83875,36324,120199
25619,11590,37209
60738,67740,128478
77303,76942,154245
6908,51371,58279
23749,1496,25245
17517,95399,112916
57837,242,58079
66365,75483,141848
5674,29819,35493
65763,69401,135164
942,18181,19123
45613,33093,78706
16074,13566,29640
88614,69848,158462
4936,55316,60252
12698,80011,92709
16130,53718,69848
77926,28327,106253
49601,33569,83170
60723,65888,126611
75341,73541,148882
55379,36397,91776
77781,21487,99268
90980,10020,101000
3631,40632,44263
92196,83303,175499
89183,21229,110412
53100,36582,89682
52336,24214,76550
1105,36124,37229
79760,57678,137438
77893,80383,158276
21798,4077,25875
90683,30175,120858
549,80966,81515
322,49399,49721
13427,43583,57010
12599,46186,58785
84660,18272,102932
65107,5452,70559
55120,31349,86469
25102,58710,83812
29084,67365,96449
84731,60998,145729
21740,57651,79391
51220,24865,76085
70456,17697,88153
46893,39246,86139
82873,21662,104535
57096,18079,75175
92721,68709,161430
61861,89518,151379
3872,85157,89029
90895,36954,127849
32531,7355,39886
36373,80290,116663
17550,54048,71598
45752,35002,80754
48763,47872,96635
28022,92791,120813
36939,67993,104932
54110,32906,87016
61984,35065,97049
43227,80827,124054
63258,79186,142444
47315,86857,134172
43921,55769,99690
35410,62127,97537
1918,43747,45665
85071,10464,95535
48485,19863,68348
99310,71934,171244
13459,19212,32671
79800,75847,155647
10954,88641,99595
5873,80699,86572
23626,54020,77646
92336,60878,153214
51600,59635,111235
48458,44790,93248
85919,53992,139911
89544,4719,94263
9313,95839,105152
96341,41651,137992
25606,11097,36703
65189,34107,99296
23756,12417,36173
9144,91910,101054
84532,24634,109166
11042,64400,75442
37698,73086,110784
96615,56329,152944
43534,35259,78793
2670,20944,23614
84297,68736,153033
94016,15409,109425
24476,71608,96084
10104,47005,57109
57222,89340,146562
90611,90664,181275
54131,91979,146110
66568,40954,107522
89811,12143,101954
3877,30861,34738
42324,43455,85779
15130,56157,71287
37309,27926,65235
12864,78314,91178
53208,33266,86474
34114,36172,70286
36712,54492,91204
27834,62324,90158
1300,46552,47852
21546,28815,50361
64025,6216,70241
64598,51403,116001
7538,28130,35668
51860,66883,118743
6163,39348,45511
49104,91317,140421
78555,4742,83297
54255,69984,124239
28029,53868,81897
52923,9275,62198
87336,45208,132544
32326,44687,77013
39207,61180,100387
49765,14756,64521
65567,96500,162067
14790,50127,64917
45949,33769,79718
81101,99204,180305
61590,88333,149923
93522,63020,156542
83830,82173,166003
5441,68276,73717
55784,63021,118805
74113,64460,138573
82423,19259,101682
8180,91800,99980
49255,73090,122345
81952,43369,125321
20706,33730,54436
7842,51534,59376
43030,92763,135793
83184,70519,153703
59218,86134,145352
24216,99977,124193
49959,40548,90507
49910,45557,95467
86767,29528,116295
69986,55445,125431
40247,15087,55334
23985,89483,113468
4033,58630,62663
97526,33360,130886
74100,83086,157186
43716,65297,109013
13319,2875,16194
12119,21401,33520
34289,91770,126059
97388,90905,188293
86868,8412,95280
28596,67432,96028
10130,23375,33505
43582,81133,124715
39480,90875,130355
55717,8484,64201
23750,74692,98442
56994,63291,120285
86498,11933,98431
30562,76213,106775
75726,20386,96112
32703,7308,40011
26010,44040,70050
54126,1911,56037
28105,19996,48101
60611,87809,148420
32885,98329,131214
57307,72209,129516
39021,10078,49099
12796,90628,103424
2142,13630,15772
77037,16533,93570
79655,14638,94293
78137,90652,168789
44550,45208,89758
28521,16603,45124
11616,89111,100727
31591,34757,66348
61661,15522,77183
13361,56445,69806
10120,38504,48624
35097,44861,79958
13165,9208,22373
52741,81237,133978
47048,34258,81306
42300,98796,141096
50643,9257,59900
66121,65451,131572
38361,64616,102977
60515,23165,83680
22295,15355,37650
56233,73946,130179
10644,30260,40904
32569,92934,125503
10700,12660,23360
58835,65887,124722
30226,11497,41723
87947,92291,180238
192,52241,52433
63430,60525,123955
89333,42597,131930
863,38776,39639
95348,66005,161353
75011,17820,92831
3945,24046,27991
54098,9968,64066
51346,21211,72557
80141,4563,84704
13649,98044,111693
54878,81439,136317
47372,91495,138867
51953,13198,65151
77157,2438,79595
71170,84190,155360
48877,54026,102903
39439,23418,62857
92785,93580,186365
2439,46542,48981
20038,88397,108435
27746,10216,37962
2328,6027,8355
56356,69639,125995
12250,88842,101092
63252,84781,148033
26932,76509,103441
51631,8250,59881
28219,18140,46359
76036,62743,138779
66473,1452,67925
41998,11617,53615
1307,99194,100501
11041,9918,20959
39600,37599,77199
87293,78091,165384
94645,84330,178975
97475,13062,110537
7884,57216,65100
16626,17107,33733
80821,61064,141885
67217,42631,109848
19045,56498,75543
11831,91879,103710
85907,55230,141137
69381,6761,76142
9235,82053,91288
20818,55,20873
10418,53721,64139
35057,92490,127547
41453,50630,92083
99005,86412,185417
25969,98046,124015
63053,75876,138929
94399,15264,109663
16115,71190,87305
95446,5871,101317
66532,86828,153360
9161,3194,12355
7366,56700,64066
43912,14703,58615
26512,33144,59656
61777,83013,144790
67398,39600,106998
94193,47951,142144
18800,57131,75931
27337,89571,116908
83655,19184,102839
95484,62612,158096
23674,67871,91545
23602,41683,65285
68590,54355,122945
62763,26600,89363
67014,86982,153996
58858,14647,73505
59556,62665,122221
91954,94768,186722
37652,29080,66732
51554,75830,127384
45674,34853,80527
22525,42730,65255
46330,57236,103566
2358,20550,22908
23074,55946,79020
12140,38086,50226
23198,44233,67431
40084,89407,129491
85572,77200,162772
90146,763,90909
19160,76101,95261
49557,8188,57745
61516,35281,96797
35596,29405,65001
5112,46819,51931
87476,22477,109953
82256,63570,145826
70072,44515,114587
20311,86205,106516
4343,85087,89430
95997,39307,135304
25701,75700,101401
89257,71619,160876
27508,26955,54463
72626,19742,92368
31373,62488,93861
52257,63663,115920
1928,98913,100841
62617,828,63445
36560,24282,60842
39475,40046,79521
46105,726,46831
97497,68367,165864
35416,95563,130979
37130,31665,68795
85028,10743,95771
13444,46813,60257
31868,33484,65352
49753,86611,136364
40358,37231,77589
10978,8436,19414
29251,52843,82094
98531,58634,157165
27861,59974,87835
81201,13804,95005
26864,29486,56350
71335,47083,118418
5389,29279,34668
82156,41567,123723
55378,2569,57947
62819,95746,158565
76145,45267,121412
57137,67831,124968
73556,32035,105591
49038,52235,101273
57403,55765,113168
17239,11479,28718
62269,32908,95177
95935,58938,154873
84774,81695,166469
80356,29497,109853
829,1427,2256
47673,6392,54065
79995,76556,156551
516,46003,46519
54619,67603,122222
90361,69475,159836
94538,61343,155881
71511,3264,74775
91627,88773,180400
51051,53491,104542
28599,58086,86685
30089,94443,124532
14279,23432,37711
54080,98312,152392
51590,19369,70959
48872,36559,85431
10747,93862,104609
46230,49449,95679
98895,99838,198733
48494,96420,144914
57723,38886,96609
82447,73147,155594
3042,83495,86537
96137,94762,190899
29645,34549,64194
14212,2830,17042
17288,48937,66225
48002,72354,120356
27206,64095,91301
69957,89978,159935
19738,56442,76180
64399,29271,93670
43122,34843,77965
64148,66826,130974
79390,21329,100719
14224,80698,94922
47939,9630,57569
16042,17653,33695
11798,52790,64588
11362,62865,74227
43724,81401,125125
23969,30144,54113
15091,32147,47238
97428,4391,101819
62515,86906,149421
64681,94746,159427
76035,69371,145406
24137,56175,80312
52082,60921,113003
54866,65428,120294
21372,94363,115735
4070,31009,35079
65083,50019,115102
80105,22718,102823
75287,68978,144265
65273,4847,70120
59069,63593,122662
97617,60170,157787
69857,78213,148070
39753,51501,91254
53225,74013,127238
51901,33675,85576
86831,90213,177044
46566,2553,49119
31712,98282,129994
92855,61526,154381
55124,61961,117085
13753,71524,85277
55633,39540,95173
29779,63743,93522
19355,2883,22238
19959,40821,60780
50623,27321,77944
78535,76113,154648
43813,80515,124328
70368,36269,106637
27429,83038,110467
80692,55393,136085
79616,84688,164304
67269,46611,113880
34013,69750,103763
13763,32192,45955
81949,41265,123214
60209,70085,130294
24228,60002,84230
30781,35399,66180
49012,62048,111060
81382,58872,140254
67887,70297,138184
3235,32794,36029
49266,11635,60901
59005,5558,64563
90179,48023,138202
23094,24585,47679
38816,851,39667
23013,45345,68358
22675,92577,115252
88789,37952,126741
19010,85336,104346
83681,7478,91159
14423,85160,99583
24975,7917,32892
62929,38177,101106
38408,19763,58171
20234,60804,81038
69513,62538,132051
75304,58157,133461
17026,99134,116160
7347,22948,30295
24581,18436,43017
44597,58958,103555
79707,95121,174828
81973,36177,118150
66974,92403,159377
49848,48473,98321
80801,41118,121919
43952,70579,114531
94516,89148,183664
81091,34014,115105
90565,75643,166208
47979,877,48856
7410,28077,35487
43801,58199,102000
75168,39476,114644
89824,30733,120557
49307,80149,129456
2796,4915,7711
42676,49335,92011
25273,38776,64049
3519,95467,98986
50480,22270,72750
56098,87270,143368
4244,73901,78145
65128,68382,133510
72599,65187,137786
58405,84991,143396
94772,99252,194024
15917,67682,83599
74949,38970,113919
52678,51983,104661
2129,60348,62477
95812,52757,148569
83516,45757,129273
65307,84262,149569
68645,92563,161208
84907,8256,93163
95885,32851,128736
54540,33232,87772
96072,11521,107593
47347,66058,113405
90470,66664,157134
79684,96143,175827
53117,25259,78376
88313,30118,118431
13033,48013,61046
80838,21673,102511
44725,16731,61456
83890,46525,130415
39858,80095,119953
52179,35405,87584
87414,76919,164333
56953,79495,136448
30807,37929,68736
66381,76057,142438
31628,34596,66224
81855,34176,116031
58321,87988,146309
11744,67571,79315
66423,64217,130640
34454,75873,110327
17667,65704,83371
54913,2783,57696
92486,56558,149044
4478,76735,81213
16013,84159,100172
68133,34237,102370
24166,64758,88924
66143,7933,74076
50697,47179,97876
71274,54643,125917
95051,78764,173815
54145,40373,94518
80137,23564,103701
76910,72567,149477
73114,60790,133904
74939,9108,84047
1331,49326,50657
82498,51224,133722
19599,62765,82364
79635,3339,82974
40513,50879,91392
36898,80628,117526
60496,24471,84967
28243,91035,119278
75970,51936,127906
89260,45553,134813
52210,8742,60952
15424,68738,84162
59440,31303,90743
41257,93470,134727
98800,50589,149389
12193,28788,40981
93750,98963,192713
41980,15309,57289
94038,40809,134847
74936,596,75532
23915,67297,91212
58285,62224,120509
9819,50179,59998
15777,28568,44345
62726,5182,67908
99282,79055,178337
59967,70106,130073
21200,68364,89564
64436,22188,86624
36813,77684,114497
3845,88720,92565
32533,48802,81335
63794,7120,70914
35371,8302,43673
96642,19764,116406
48207,47948,96155
13283,91149,104432
90839,18235,109074
13419,78779,92198
42604,59218,101822
52125,9161,61286
92754,38526,131280
63533,56625,120158
16544,42184,58728
89253,99863,189116
73774,53818,127592
16847,20815,37662
57400,13075,70475
26636,8588,35224
37238,28027,65265
7537,39031,46568
29203,84266,113469
79529,56183,135712
82289,7350,89639
70640,95144,165784
3881,64442,68323
45754,74051,119805
20385,98917,119302
39898,76087,115985
4171,78260,82431
31442,44945,76387
11181,50288,61469
61647,67205,128852
74270,50975,125245
47039,47410,94449
61330,44412,105742
37798,40580,78378
596,52318,52914
3051,54790,57841
94028,77883,171911
66859,22133,88992
72761,91338,164099
58936,12328,71264
90314,33562,123876
64283,69971,134254
64086,66192,130278
45189,56938,102127
90795,5788,96583
79917,40894,120811
20818,96319,117137
36417,93717,130134
93355,9078,102433
94766,46889,141655
49470,69157,118627
28328,28714,57042
18834,12347,31181
83300,40505,123805
13377,35664,49041
98649,70112,168761
55751,91186,146937
61676,37363,99039
1285,72669,73954
73000,17705,90705
25529,77622,103151
95455,80379,175834
76085,77461,153546
120,13539,13659
52573,91736,144309
35123,87940,123063
6834,93414,100248
58065,74795,132860
69628,9307,78935
34210,15328,49538
90245,78308,168553
26923,78547,105470
28597,97592,126189
55813,54271,110084
34707,26745,61452
96664,81391,178055
76848,75186,152034
3822,32437,36259
30118,83137,113255
6292,85002,91294
19287,73289,92576
60267,20888,81155
4069,39335,43404
97772,14857,112629
22578,39179,61757
20688,53562,74250
57277,49039,106316
39615,11670,51285
66595,90047,156642
93960,40997,134957
18908,43710,62618
46793,50830,97623
41541,4445,45986
58577,29707,88284
56717,74212,130929
83046,20049,103095
68177,10213,78390
92357,23081,115438
67664,1398,69062
98657,86149,184806
7548,3170,10718
78727,42588,121315
624,1811,2435
524,80057,80581
15163,1616,16779
17455,65147,82602
40673,41293,81966
10485,44442,54927
95673,34486,130159
14063,9885,23948
85830,24246,110076
17020,75173,92193
90642,51510,142152
83483,52080,135563
3552,75679,79231
87636,58023,145659
10542,56729,67271
32659,11436,44095
83898,25596,109494
35454,97784,133238
18759,48068,66827
46578,41636,88214
35992,43704,79696
7867,96607,104474
70418,66854,137272
48968,20412,69380
79549,53315,132864
15920,43485,59405
85349,96222,181571
87008,50631,137639
94586,93120,187706
2560,34400,36960
46071,27634,73705
4739,35308,40047
82282,14393,96675
22798,79960,102758
59197,40185,99382
52325,69277,121602
56912,57180,114092
21486,23875,45361
56541,55405,111946
15072,62429,77501
24365,48761,73126
85415,60626,146041
58162,63743,121905
30492,69470,99962
52529,3167,55696
3340,37480,40820
5071,28053,33124
79000,79415,158415
22496,83751,106247
4926,26682,31608
70325,15087,85412
84084,44886,128970
828,41826,42654
20782,29534,50316
85296,89870,175166
10579,9587,20166
55169,80043,135212
40138,16250,56388
78177,57826,136003
52731,30872,83603
39725,47842,87567
55469,28164,83633
25934,43435,69369
37406,98668,136074
64008,83625,147633
33091,7802,40893
73431,98948,172379
66656,18967,85623
82284,21613,103897
62934,87735,150669
73255,96865,170120
93532,63948,157480
25187,31023,56210
17358,70891,88249
73048,51900,124948
25486,42895,68381
18708,58643,77351
20041,99893,119934
33604,46421,80025
94209,85481,179690
86006,56537,142543
37296,81449,118745
93173,64115,157288
10603,53045,63648
40478,7670,48148
11036,79620,90656
13285,17215,30500
44769,31807,76576
45340,20878,66218
98639,98669,197308
82161,22922,105083
57433,22942,80375
70407,75076,145483
3107,17881,20988
42428,18516,60944
57533,49599,107132
87542,81482,169024
54078,9083,63161
76914,81874,158788
58243,72875,131118
37095,46650,83745
15599,85149,100748
9698,76690,86388
5349,6410,11759
79274,65871,145145
6370,28177,34547
13004,72122,85126
79799,95044,174843
15185,82493,97678
45915,81396,127311
67859,33249,101108
59329,26121,85450
58111,62205,120316
29936,43732,73668
29489,83045,112534
83110,79766,162876
39749,81630,121379
26132,53790,79922
6454,38106,44560
70586,43564,114150
88638,58315,146953
2077,3083,5160
32313,39534,71847
59548,37024,96572
88248,81327,169575
40977,93998,134975
62785,64310,127095
73501,81270,154771
53822,28209,82031
71742,32976,104718
24102,5302,29404
84411,27749,112160
73477,39310,112787
53610,24020,77630
40120,28422,68542
35927,60545,96472
1067,11857,12924
76220,1605,77825
51376,98662,150038
74866,75691,150557
47187,90730,137917
62361,81862,144223
414,30151,30565
78051,99578,177629
42883,51192,94075
84824,90484,175308
78092,46827,124919
76082,11071,87153
25338,753,26091
3260,62479,65739
58364,89294,147658
53442,29355,82797
90818,22372,113190
75416,86481,161897
51256,74758,126014
86231,73769,160000
27575,24191,51766
38105,66010,104115
16737,88783,105520
30249,27225,57474
52751,24674,77425
17633,23418,41051
36725,88649,125374
32573,86537,119110
76987,49238,126225
55007,39459,94466
10894,3890,14784
42475,70209,112684
37491,94087,131578
98784,3567,102351
66493,45330,111823
17939,62466,80405
76529,56621,133150
63730,36183,99913
4121,70140,74261
66474,83658,150132
97271,12639,109910
67844,65129,132973
24551,23910,48461
41917,81734,123651
98947,14496,113443
36773,45710,82483
2757,8493,11250
57517,47932,105449
9154,53045,62199
27556,18985,46541
11819,82541,94360
95355,51602,146957
9937,54969,64906
54718,6015,60733
54224,31054,85278
74560,58413,132973
24091,59757,83848
237,72725,72962
97521,55344,152865
97544,60179,157723
77677,24059,101736
84926,27283,112209
95408,55625,151033
32972,38068,71040
93415,37316,130731
23472,5134,28606
48351,80549,128900
60027,29637,89664
17459,20690,38149
65313,6640,71953
99076,72476,171552
71391,28491,99882
3900,77813,81713
32230,15151,47381
83114,3864,86978
95788,49248,145036
96064,83925,179989
92061,44202,136263
8681,18743,27424
68157,62901,131058
67807,46288,114095
5689,69047,74736
3859,92188,96047
39150,40676,79826
74323,5011,79334
95874,22416,118290
55561,39485,95046
66392,30458,96850
25310,59133,84443
33209,2045,35254
41815,63514,105329
66589,63807,130396
97615,77734,175349
39221,59133,98354
33039,5153,38192
97727,23017,120744
57516,28469,85985
37137,24103,61240
18180,12544,30724
43349,21817,65166
37162,89370,126532
60579,59891,120470
50663,71163,121826
22136,36036,58172
19633,51746,71379
77094,36942,114036
26478,7622,34100
70332,12208,82540
86297,64667,150964
81655,84974,166629
17360,19936,37296
17533,86377,103910
7325,39759,47084
76037,61440,137477
26539,51487,78026
86299,22301,108600
22880,25622,48502
60254,38324,98578
75316,91858,167174
53050,30558,83608
49337,97207,146544
58175,51270,109445
66584,87902,154486
79727,43727,123454
6772,94589,101361
15128,32157,47285
39170,71084,110254
63773,17873,81646
85981,57600,143581
51259,44429,95688
58103,58717,116820
87629,12968,100597
74637,765,75402
13339,75154,88493
90485,59102,149587
11339,66159,77498
25886,75798,101684
43332,70779,114111
19469,80548,100017
29620,16283,45903
81609,10922,92531
69818,16922,86740
95850,42170,138020
12156,19598,31754
89938,24966,114904
59451,89649,149100
3791,42372,46163
61822,3414,65236
96827,7770,104597
60105,56256,116361
84689,74762,159451
25983,11161,37144
57128,56061,113189
76424,60270,136694
732,81881,82613
59094,64181,123275
12134,37541,49675
55006,81628,136634
41814,41187,83001
75619,54739,130358
79283,25474,104757
35279,8814,44093
48070,34937,83007
56287,67991,124278
7411,9935,17346
35696,79770,115466
71981,68340,140321
14941,2016,16957
32848,48671,81519
10165,15488,25653
28311,55845,84156
48445,84069,132514
58444,26106,84550
83687,58312,141999
71254,93235,164489
8476,5492,13968
55207,75507,130714
45941,62817,108758
97360,21701,119061
86466,38420,124886
48383,53255,101638
626,62444,63070
51220,78976,130196
62801,93026,155827
69144,48022,117166
39017,32869,71886
7836,99313,107149
12956,12938,25894
40194,68483,108677
18065,1381,19446
72201,98037,170238
47596,78509,126105
8793,60878,69671
58289,78428,136717
80749,70943,151692
12909,13520,26429
31256,5293,36549
83747,39545,123292
18277,44887,63164
4952,67074,72026
60508,25232,85740
2113,27751,29864
38627,97715,136342
57432,67090,124522
91397,23282,114679
60982,8719,69701
30282,13403,43685
20373,59893,80266
20336,23467,43803
84141,94387,178528
48752,83406,132158
35574,22811,58385
9484,82321,91805
93625,91767,185392
60820,95703,156523
71438,71096,142534
90389,61350,151739
15236,12592,27828
91043,83138,174181
1901,21238,23139
24259,54258,78517
19440,72881,92321
1841,59358,61199
4817,71181,75998
27653,4215,31868
85435,49765,135200
11270,1645,12915
32791,32095,64886
67721,41793,109514
20839,61762,82601
86071,12113,98184
3676,8723,12399
95051,28118,123169
23716,42516,66232
66814,90922,157736
11760,91604,103364
66531,6671,73202
65070,29241,94311
32009,28096,60105
59601,30372,89973
7354,9254,16608
5385,81836,87221
95749,51238,146987
53538,87138,140676
34395,4620,39015
54885,65879,120764
9793,67221,77014
24181,92342,116523
77071,59353,136424
37540,64582,102122
6463,82497,88960
89464,43779,133243
98037,53698,151735
84570,88144,172714
52549,56321,108870
28082,7951,36033
30535,54249,84784
33988,7996,41984
720,47061,47781
1828,55731,57559
81077,40592,121669
17267,88605,105872
59167,6661,65828
52686,28219,80905
76613,16485,93098
6441,47327,53768
77322,57376,134698
31071,78908,109979
72792,4191,76983
64966,588,65554
55,46232,46287
25553,77276,102829
35160,8590,43750
51975,10978,62953
20425,96709,117134
71102,52107,123209
59677,50568,110245
51254,80263,131517
99431,98636,198067
58927,79516,138443
77288,14572,91860
44601,12780,57381
84443,19999,104442
82546,21430,103976
68120,73188,141308
87709,7034,94743
93989,8727,102716
80620,1890,82510
27781,80352,108133
27326,19187,46513
37789,43883,81672
61446,52641,114087
45072,95697,140769
48190,8415,56605
59227,93175,152402
18041,50232,68273
82091,4002,86093
97676,47097,144773
61191,22432,83623
59770,16366,76136
41003,72090,113093
57190,64670,121860
89862,13767,103629
295,66577,66872
28444,59360,87804
14357,52315,66672
84654,32510,117164
17730,69122,86852
43112,74990,118102
5838,31802,37640
57332,845,58177
7512,25017,32529
22380,71831,94211
22709,4624,27333
59007,57715,116722
49945,59389,109334
38283,36073,74356
42201,72021,114222
82035,47287,129322
88819,65360,154179
44197,56455,100652
43251,8083,51334
42726,16863,59589
51788,87896,139684
26262,19074,45336
65110,72357,137467
75629,6175,81804
44459,19955,64414
31651,49997,81648
96324,52120,148444
84957,29549,114506
78790,70390,149180
74949,63714,138663
3450,10416,13866
50418,24953,75371
179,97999,98178
54133,18547,72680
59625,69474,129099
55375,75535,130910
71404,70480,141884
43697,41129,84826
75971,25195,101166
85532,51568,137100
49069,81240,130309
92332,74489,166821
12925,10268,23193
99312,9531,108843
45357,89850,135207
66806,89997,156803
6575,97053,103628
21323,50628,71951
70762,43830,114592
77513,21966,99479
85704,72585,158289
67263,65800,133063
80564,59409,139973
48444,90469,138913
25983,77178,103161
84126,2092,86218
7796,68890,76686
52837,80790,133627
21027,8364,29391
17760,90365,108125
76741,3349,80090
54447,61309,115756
8491,10698,19189
68033,46650,114683
24453,93381,117834
26815,82676,109491
278,82766,83044
7793,23841,31634
37850,14852,52702
81166,54191,135357
34633,3538,38171
55562,44020,99582
75497,20578,96075
221,90832,91053
1527,48403,49930
75965,86881,162846
12392,97799,110191
9744,63265,73009
93514,65979,159493
80241,58288,138529
70477,89150,159627
48237,18816,67053
80220,9620,89840
74212,81988,156200
44524,2884,47408
13690,24910,38600
66461,82121,148582
15194,77196,92390
15952,90138,106090
90669,22883,113552
11921,26360,38281
57561,60893,118454
42770,10401,53171
72456,64177,136633
77548,68913,146461
92809,7660,100469
56539,96612,153151
99895,14872,114767
9508,9815,19323
29485,92723,122208
16333,53478,69811
15959,21784,37743
38380,18136,56516
51515,87930,139445
73977,52016,125993
52345,18958,71303
93906,75363,169269
68602,11654,80256
11483,20396,31879
95125,12537,107662
46145,34774,80919
18749,43993,62742
63978,52044,116022
34967,24422,59389
10930,25054,35984
95358,62123,157481
18689,37536,56225
31669,7853,39522
99690,62915,162605
9826,45360,55186
9172,74131,83303
54680,33158,87838
56085,98078,154163
72246,25782,98028
83236,37869,121105
69753,50906,120659
8775,9334,18109
79519,15009,94528
43451,93666,137117
84316,3862,88178
91026,42163,133189
35691,35737,71428
76617,1513,78130
15458,96088,111546
78150,35251,113401
47306,39947,87253
10422,30058,40480
72999,51752,124751
38308,73884,112192
60306,73856,134162
7138,91595,98733
63011,79736,142747
4258,21001,25259
68134,76644,144778
55587,56611,112198
71623,98964,170587
41467,19821,61288
84552,60102,144654
54761,98411,153172
16045,74348,90393
64191,31425,95616
33814,67902,101716
19833,56710,76543
19599,9908,29507
94232,40130,134362
15040,30948,45988
76924,34136,111060
42992,88452,131444
28392,2926,31318
59562,85928,145490
41258,4054,45312
9084,47807,56891
80820,57054,137874
5994,50031,56025
3551,42540,46091
78020,12818,90838
14703,44452,59155
77791,75604,153395
35721,40643,76364
90093,19663,109756
60920,42790,103710
18177,16309,34486
26479,63220,89699
98329,70580,168909
4654,36014,40668
77787,91563,169350
61107,91957,153064
22600,70353,92953
87586,3805,91391
92243,38927,131170
5966,58811,64777
27182,6104,33286
32194,20678,52872
99490,66614,166104
59180,45706,104886
41599,56314,97913
48022,33547,81569
565,31810,32375
79802,11424,91226
68439,8373,76812
53916,5757,59673
98052,1920,99972
55797,66036,121833
66763,76813,143576
88148,49288,137436
52960,68359,121319
90241,53910,144151
77909,40356,118265
69995,59533,129528
70725,99857,170582
42364,29674,72038
57061,97183,154244
19352,46975,66327
37919,62827,100746
13517,53464,66981
858,74187,75045
97927,4477,102404
25929,36817,62746
72112,86630,158742
16628,58955,75583
11551,37503,49054
74756,65537,140293
64893,5699,70592
40141,52063,92204
95425,2284,97709
93158,59494,152652
21606,67045,88651
25251,26036,51287
14547,83189,97736
47901,93173,141074
39561,22492,62053
29489,87684,117173
53545,79795,133340
94807,78515,173322
2963,11186,14149
18623,3093,21716
26938,35159,62097
98531,21928,120459
89785,45282,135067
83381,31148,114529
70497,68057,138554
48645,9400,58045
64126,34259,98385
75428,81450,156878
69753,20233,89986
2651,71902,74553
81733,12154,93887
58763,29820,88583
10203,44587,54790
50561,83212,133773
77579,38433,116012
67679,26867,94546
72971,37083,110054
81651,15149,96800
73831,57108,130939
94469,19152,113621
22780,61570,84350
12508,77609,90117
64046,4411,68457
96496,41667,138163
13789,82165,95954
16013,22210,38223
40904,65679,106583
72161,72271,144432
10713,21599,32312
89401,40723,130124
86667,86863,173530
81124,40806,121930
14711,64967,79678
38611,31010,69621
60469,28146,88615
12752,4258,17010
33646,1536,35182
39076,62999,102075
80586,84364,164950
69627,97316,166943
51177,53394,104571
24026,80282,104308
84658,6091,90749
7091,86694,93785
84578,50144,134722
82898,13142,96040
47348,60859,108207
64263,43819,108082
71942,25891,97833
86833,51487,138320
53383,56823,110206
90180,61091,151271
21561,40091,61652
19618,95436,115054
99165,10418,109583
49882,16612,66494
87645,32,87677
18760,85172,103932
82731,43657,126388
28125,99387,127512
31440,64374,95814
58310,1772,60082
43683,15163,58846
84073,21397,105470
15101,8964,24065
18544,4510,23054
39231,59959,99190
14226,17475,31701
52125,91193,143318
22811,66004,88815
39171,98792,137963
3697,78123,81820
92163,63950,156113
47146,14373,61519
29824,17929,47753
56663,23379,80042
29725,99484,129209
60585,2016,62601
63456,79177,142633
72730,50655,123385
69454,77551,147005
82869,78196,161065
6333,82791,89124
16175,62484,78659
45856,98879,144735
8995,57234,66229
45671,54661,100332
89911,3483,93394
88291,60470,148761
93846,79822,173668
15530,26532,42062
71353,97531,168884
4713,33770,38483
20305,59330,79635
55226,3904,59130
92211,41354,133565
85268,36511,121779
58086,18036,76122
97204,97814,195018
16544,38416,54960
94560,14920,109480
32569,26460,59029
71518,6126,77644
47701,23891,71592
5294,93933,99227
52876,50118,102994
35258,81063,116321
27217,44858,72075
2126,93856,95982
73532,66,73598
76193,43347,119540
31529,29394,60923
74857,84589,159446
7895,89156,97051
36277,34698,70975
29324,17775,47099
59100,87696,146796
5069,65383,70452
40839,79419,120258
85372,58494,143866
72219,83649,155868
43556,5024,48580
93418,78510,171928
94899,70273,165172
36965,66212,103177
63027,23772,86799
24276,55451,79727
80641,49044,129685
84388,84832,169220
36885,3130,40015
13192,15524,28716
6996,71848,78844
47202,97114,144316
21651,91244,112895
3916,53332,57248
87373,48141,135514
90111,71924,162035
31868,590,32458
71951,87654,159605
8694,44125,52819
18639,46941,65580
13715,12930,26645
7146,47184,54330
18066,36048,54114
47198,31973,79171
54872,58231,113103
88368,24374,112742
32390,29672,62062
52797,74931,127728
62709,69935,132644
87797,29557,117354
35807,81921,117728
73453,25915,99368
63027,42200,105227
2661,73022,75683
47236,88956,136192
99549,50990,150539
38286,22233,60519
20775,42238,63013
29071,22635,51706
73336,28574,101910
38747,12653,51400
57330,51328,108658
57439,80723,138162
83321,38282,121603
94486,69333,163819
3211,56363,59574
5032,29381,34413
40159,49220,89379
8109,79007,87116
65836,88129,153965
73337,4424,77761
16048,81018,97066
35204,42903,78107
90229,87758,177987
97643,41900,139543
11370,84298,95668
32919,95985,128904
84652,75150,159802
45517,22409,67926
27555,73135,100690
19005,15573,34578
6597,60414,67011
91579,410,91989
23464,232,23696
2807,21230,24037
91169,95359,186528
71213,97492,168705
10185,48313,58498
15676,82326,98002
63674,50989,114663
86384,67238,153622
46196,91050,137246
50453,68011,118464
48601,28870,77471
16310,28868,45178
32447,19098,51545
55662,61729,117391
52206,60732,112938
47555,33387,80942
58321,67545,125866
47123,17605,64728
31975,97860,129835
44877,94491,139368
22024,59113,81137
75964,2728,78692
98464,82746,181210
99927,71145,171072
90751,30339,121090
48091,91485,139576
67908,70482,138390
47408,93172,140580
25836,19648,45484
9728,64586,74314
36191,95583,131774
9303,45842,55145
21277,9678,30955
68920,13578,82498
72457,83055,155512
27014,59863,86877
39409,5963,45372
9877,9512,19389
2374,74656,77030
49179,99079,148258
23637,43624,67261
50985,44845,95830
94421,37057,131478
17843,87014,104857
34649,15926,50575
4700,85585,90285
1417,41536,42953
36769,38473,75242
73427,14405,87832
84301,64512,148813
82212,86168,168380
70814,19163,89977
8325,67529,75854
53631,98491,152122
71141,70761,141902
41372,30985,72357
28882,78051,106933
55983,29236,85219
67941,57012,124953
97904,86378,184282
76598,77605,154203
53101,35254,88355
41756,90276,132032
8625,88053,96678
80091,75676,155767
90799,685,91484
24414,82567,106981
2814,83484,86298
68888,41974,110862
83901,64924,148825
23630,25823,49453
91990,35139,127129
39374,84894,124268
10501,44781,55282
36624,8942,45566
7851,39446,47297
65535,44418,109953
74356,62954,137310
17068,61961,79029
88650,21474,110124
32381,90098,122479
98449,12051,110500
33260,62012,95272
48049,79179,127228
14437,20443,34880
32583,6778,39361
9556,81001,90557
45890,95946,141836
31941,40468,72409
99793,44643,144436
3842,44521,48363
36656,16466,53122
39119,26825,65944
61130,93623,154753
97867,27200,125067
98813,27093,125906
52520,92900,145420
46942,10965,57907
49859,45463,95322
38438,89412,127850
11429,64041,75470
57915,57166,115081
54089,77449,131538
82420,62438,144858
15137,2005,17142
5669,61357,67026
80471,50932,131403
1651,7669,9320
60684,33389,94073
65745,19566,85311
80869,83961,164830
74986,44382,119368
7769,1700,9469
73350,29876,103226
1543,88265,89808
24964,97904,122868
47214,91666,138880
10631,32971,43602
18116,59507,77623
56612,78250,134862
11564,70812,82376
63437,89605,153042
52171,32078,84249
37587,95440,133027
70381,37559,107940
44240,64140,108380
99834,31641,131475
52601,65155,117756
6713,81024,87737
38211,60944,99155
44609,84412,129021
38577,41659,80236
74025,31762,105787
42626,75862,118488
15373,31848,47221
66996,79546,146542
21656,72121,93777
87289,16287,103576
91818,39091,130909
62856,19359,82215
74539,3182,77721
22775,24702,47477
11999,5473,17472
12364,4657,17021
88567,37523,126090
85216,73704,158920
76380,84831,161211
28903,47021,75924
7007,20736,27743
56967,99865,156832
41444,57334,98778
98284,38833,137117
90515,63086,153601
47351,22990,70341
2746,89541,92287
23377,6727,30104
49078,76592,125670
93708,55382,149090
36346,32096,68442
19142,50022,69164
49080,45219,94299
88379,24279,112658
4933,73719,78652
78154,84774,162928
5164,82465,87629
42112,25212,67324
49701,39090,88791
64068,14702,78770
74592,49107,123699
34537,23036,57573
3696,43884,47580
22995,47924,70919
9340,65942,75282
1494,63246,64740
78309,14166,92475
98981,76800,175781
38948,71570,110518
81080,62370,143450
81471,84035,165506
58549,20885,79434
4341,5326,9667
17153,85446,102599
71468,74146,145614
72281,45597,117878
4547,19484,24031
4959,57948,62907
25523,96674,122197
52636,95586,148222
86337,6153,92490
24370,10088,34458
93391,42470,135861
60483,1628,62111
93514,15554,109068
70307,20914,91221
34618,11207,45825
85762,71914,157676
16147,56337,72484
63552,97902,161454
10026,89881,99907
92143,53212,145355
35128,11787,46915
64078,51030,115108
47254,96768,144022
12634,20628,33262
70668,65834,136502
15187,11996,27183
79235,18546,97781
22272,4099,26371
2175,15651,17826
47411,34641,82052
24782,64009,88791
43624,55865,99489
16693,99923,116616
83328,4534,87862
75856,60691,136547
39764,70326,110090
10599,48066,58665
86951,5543,92494
40698,388,41086
36147,76767,112914
44926,47853,92779
27656,77759,105415
54660,48010,102670
57573,23606,81179
76914,4102,81016
85261,82085,167346
8388,61811,70199
8511,90111,98622
69988,62866,132854
25238,14431,39669
52088,86321,138409
55375,36278,91653
11257,37327,48584
94229,98166,192395
27881,99002,126883
88164,72969,161133
75057,74516,149573
76705,29732,106437
93424,78320,171744
90936,16775,107711
49520,60716,110236
21040,2150,23190
28364,77878,106242
17024,42249,59273
36393,53373,89766
17754,31321,49075
9239,4757,13996
90389,82600,172989
26765,5456,32221
47642,12982,60624
29896,37087,66983
47969,3167,51136
27456,65972,93428
38564,309,38873
61602,11065,72667
73423,26436,99859
3948,43415,47363
80581,35052,115633
85431,40801,126232
56263,74770,131033
5448,56610,62058
37163,60455,97618
92633,45493,138126
56256,40299,96555
88439,66428,154867
28371,53473,81844
89801,27553,117354
65721,3560,69281
85367,70495,155862
98275,9397,107672
21441,6381,27822
96563,1667,98230
6339,48123,54462
55040,4294,59334
77792,23413,101205
67787,97514,165301
4289,13826,18115
54852,67608,122460
30113,28629,58742
4069,43950,48019
464,91742,92206
61825,25447,87272
57160,92314,149474
6275,54106,60381
92512,1615,94127
87719,48114,135833
9224,12937,22161
73142,82307,155449
911,66226,67137
45341,59223,104564
29702,88793,118495
82862,10859,93721
14121,14352,28473
70873,49477,120350
41481,25487,66968
1522,13175,14697
43026,89,43115
49044,1719,50763
62977,81771,144748
91531,33935,125466
32567,53007,85574
88552,30874,119426
60430,4362,64792
39788,19752,59540
22124,97912,120036
73791,67693,141484
25779,69889,95668
2009,1097,3106
71100,11658,82758
67524,86594,154118
88379,42750,131129
20377,74085,94462
4423,87765,92188
37489,13713,51202
65810,27912,93722
67949,23409,91358
43557,8522,52079
96214,65133,161347
59294,91550,150844
66664,15791,82455
17550,76092,93642
98657,87017,185674
64547,17868,82415
71142,42384,113526
30474,33093,63567
75289,76783,152072
3695,41436,45131
25278,38273,63551
35352,49285,84637
64543,26501,91044
2195,90790,92985
58040,7384,65424
79925,94031,173956
35156,71375,106531
23212,66734,89946
77356,64773,142129
11971,51281,63252
53681,81928,135609
60610,32292,92902
54863,47249,102112
78826,61274,140100
68438,87526,155964
64341,4177,68518
12173,37285,49458
28501,91067,119568
16394,88123,104517
52204,40155,92359
29943,60575,90518
92667,88248,180915
33336,64986,98322
34393,67280,101673
76248,312,76560
44925,38543,83468
91044,54016,145060
31986,90052,122038
71388,35904,107292
94294,38225,132519
96742,45803,142545
41287,36762,78049
47219,6785,54004
30762,20372,51134
61164,6686,67850
9805,92483,102288
27787,5568,33355
1979,48515,50494
44612,19179,63791
89557,60249,149806
64527,95696,160223
46372,13458,59830
58833,46859,105692
76723,65488,142211
4929,11783,16712
61073,85844,146917
53009,70960,123969
94069,34954,129023
84445,90925,175370
99956,87954,187910
7370,38303,45673
51237,15522,66759
21398,12222,33620
4617,31871,36488
21491,43825,65316
92835,28215,121050
72417,68120,140537
59057,20049,79106
57849,77594,135443
51473,63272,114745
63497,81536,145033
96647,59372,156019
41596,98703,140299
10186,38534,48720
9848,34795,44643
47203,2171,49374
22021,70473,92494
38840,22923,61763
13569,69638,83207
47204,83449,130653
91418,94416,185834
30361,11693,42054
50657,21823,72480
94632,87957,182589
7630,78005,85635
16511,25134,41645
86852,83823,170675
50314,68028,118342
48444,57391,105835
75413,20516,95929
24306,99376,123682
39018,39984,79002
75231,30458,105689
6144,76092,82236
43828,60124,103952
89357,246,89603
36634,62707,99341
64050,45289,109339
68054,79912,147966
91464,79041,170505
55618,36870,92488
33018,37898,70916
50690,4900,55590
64388,97073,161461
46201,36642,82843
91269,67741,159010
21946,43184,65130
59715,31953,91668
75658,74205,149863
44658,96990,141648
7170,97498,104668
81409,81558,162967
9028,28848,37876
14102,47752,61854
68900,29591,98491
20212,29536,49748
50779,33022,83801
58441,31436,89877
46,85741,85787
43101,61022,104123
35154,68096,103250
48535,26272,74807
91852,79869,171721
24690,26605,51295
33157,34100,67257
18309,46812,65121
62817,64832,127649
23777,30242,54019
16072,10226,26298
96952,75468,172420
25032,93401,118433
86489,89021,175510
53656,21858,75514
59807,590,60397
82010,37913,119923
89484,54217,143701
39894,71544,111438
96461,9812,106273
45602,18925,64527
87432,57477,144909
12481,82933,95414
84174,62194,146368
5013,79247,84260
87743,13647,101390
56,12570,12626
84188,50598,134786
44877,83633,128510
19655,31347,51002
56666,12832,69498
60120,77848,137968
49764,50204,99968
22817,41947,64764
49424,52017,101441
85755,52835,138590
46660,46158,92818
72683,52398,125081
52832,70490,123322
25986,89940,115926
39475,2238,41713
14452,32354,46806
76108,57045,133153
35990,82929,118919
95959,5202,101161
54625,13277,67902
27582,87951,115533
99140,42625,141765
96101,64548,160649
34124,14506,48630
23687,62055,85742
46120,17589,63709
29095,88181,117276
19926,97391,117317
80726,48054,128780
28260,92308,120568
99471,66029,165500
93973,15633,109606
85351,27024,112375
49295,61129,110424
75445,98292,173737
21260,956,22216
7000,409,7409
98043,45073,143116
62897,46184,109081
41189,93598,134787
36956,98598,135554
87239,11332,98571
39008,67493,106501
90649,37679,128328
82299,71650,153949
99713,39004,138717
1153,1389,2542
96070,99063,195133
5741,44963,50704
9553,42806,52359
26813,94113,120926
29876,5973,35849
33773,60393,94166
80995,8140,89135
37329,73326,110655
32773,51495,84268
74307,1956,76263
54481,86033,140514
88171,47475,135646
71256,73480,144736
40387,34693,75080
12938,29477,42415
6332,90521,96853
24159,76634,100793
88929,89200,178129
24161,22715,46876
75933,32341,108274
95416,79950,175366
68926,94832,163758
88249,93060,181309
51624,13090,64714
63561,32208,95769
39786,7333,47119
82865,6814,89679
86506,33627,120133
88902,99393,188295
82558,6278,88836
14541,66966,81507
1798,60171,61969
27667,74056,101723
49239,10657,59896
67157,71616,138773
20642,25696,46338
16375,50626,67001
89795,57688,147483
37394,77774,115168
18271,3412,21683
96455,55286,151741
67498,23248,90746
2322,61915,64237
69549,59381,128930
63346,36247,99593
635,18788,19423
34337,12905,47242
47538,16425,63963
45912,20225,66137
26507,73632,100139
25418,48287,73705
47830,16693,64523
64599,80789,145388
61694,6610,68304
61478,96249,157727
72241,82657,154898
3595,95966,99561
77051,13812,90863
20855,42822,63677
60737,73780,134517
81144,63486,144630
22734,55337,78071
97784,88430,186214
74380,12083,86463
21218,78579,99797
93174,31531,124705
62249,35153,97402
18411,68509,86920
48847,43123,91970
98843,11164,110007
1417,75144,76561
96092,11847,107939
48978,26311,75289
92364,99572,191936
69807,49882,119689
637,27154,27791
43217,55145,98362
90819,29507,120326
70225,44025,114250
41667,13599,55266
48321,72202,120523
50871,44823,95694
51486,36951,88437
95372,1228,96600
23331,45267,68598
47328,26872,74200
7501,37598,45099
24983,65174,90157
54260,85642,139902
70157,28228,98385
34040,8128,42168
17830,49028,66858
53182,72822,126004
57532,93061,150593
55452,38984,94436
79588,56358,135946
78656,14726,93382
11271,29558,40829
94303,51694,145997
3515,51798,55313
5616,41993,47609
57537,36945,94482
69987,35868,105855
82779,80452,163231
82651,58386,141037
22097,20055,42152
55460,71702,127162
50493,99385,149878
24404,46158,70562
1184,31351,32535
16896,2225,19121
71241,32887,104128
70365,69406,139771
83356,66783,150139
37253,14888,52141
75331,40556,115887
31511,7349,38860
39726,94762,134488
2676,35009,37685
83331,62658,145989
75469,7106,82575
24139,89249,113388
4528,70744,75272
44216,56920,101136
59157,4348,63505
95683,75055,170738
32925,48593,81518
28130,57819,85949
31739,95109,126848
47442,35605,83047
70744,6111,76855
20517,95435,115952
31459,42510,73969
51882,66036,117918
71622,72341,143963
77948,73085,151033
53162,78660,131822
73897,94280,168177
13087,41401,54488
4529,73841,78370
13809,58037,71846
91763,23137,114900
20218,8683,28901
79790,54914,134704
90745,79895,170640
78271,68208,146479
40644,10939,51583
29809,78601,108410
14671,78164,92835
72431,64360,136791
75234,33975,109209
97212,57313,154525
39909,33188,73097
93453,48515,141968
97551,85390,182941
55528,67711,123239
67516,88871,156387
11744,92864,104608
10511,33014,43525
74335,42964,117299
51492,20466,71958
33256,31355,64611
76971,47082,124053
67932,75559,143491
46090,22235,68325
72451,61084,133535
90677,25345,116022
37046,54059,91105
51009,19271,70280
15718,58548,74266
85994,4450,90444
89899,36392,126291
56372,72553,128925
5158,69655,74813
71397,76995,148392
10523,76521,87044
28947,27685,56632
702,24432,25134
64425,89681,154106
20201,67174,87375
51863,63330,115193
55704,19342,75046
8417,50800,59217
11245,70620,81865
39011,18337,57348
26597,53104,79701
83719,65724,149443
25890,45187,71077
4495,33575,38070
97989,92067,190056
50561,48170,98731
57387,69633,127020
70376,60406,130782
15721,75027,90748
94828,81624,176452
58235,18266,76501
46529,34774,81303
40348,89148,129496
9473,88762,98235
73459,80541,154000
77997,3394,81391
57441,66304,123745
83557,19862,103419
57026,76844,133870
73579,48670,122249
12651,82880,95531
44273,18396,62669
32090,63929,96019
65155,39071,104226
27844,8995,36839
36742,43476,80218
35441,96550,131991
73485,43615,117100
96746,97469,194215
98759,95709,194468
37372,68052,105424
56775,3329,60104
65104,11258,76362
34398,66628,101026
90950,69900,160850
13405,26662,40067
14392,49038,63430
31737,99153,130890
95613,49902,145515
24410,83873,108283
62457,87856,150313
36418,67282,103700
15115,19360,34475
82904,12315,95219
30010,62089,92099
56070,19992,76062
95292,85399,180691
35852,45039,80891
29690,97835,127525
48362,44271,92633
91496,83830,175326
42982,85962,128944
42124,92196,134320
30153,76268,106421
69825,73264,143089
25094,49826,74920
69351,46338,115689
14253,2593,16846
55251,46539,101790
99185,58139,157324
6514,3215,9729
59033,83478,142511
62892,86313,149205
26647,56039,82686
9540,74154,83694
87975,78539,166514
27996,95545,123541
39212,87773,126985
21653,22787,44440
87396,64880,152276
35410,91316,126726
57807,56598,114405
39737,57293,97030
75087,43756,118843
9943,52163,62106
81228,94046,175274
23827,80249,104076
85647,95689,181336
1972,3946,5918
88822,18995,107817
65815,89775,155590
89767,8241,98008
11105,74036,85141
95844,73805,169649
28447,51599,80046
87242,71216,158458
45110,86931,132041
11917,40813,52730
64289,74426,138715
82047,55567,137614
71057,20714,91771
83198,72718,155916
89021,74260,163281
18697,52254,70951
64642,85049,149691
66022,98895,164917
54505,84633,139138
2143,32470,34613
28530,31452,59982
19333,49704,69037
75645,44752,120397
96394,2194,98588
62599,18702,81301
75802,23118,98920
47368,98752,146120
40132,80450,120582
8694,86106,94800
22916,8543,31459
91178,55500,146678
99150,43592,142742
10121,63131,73252
32362,2369,34731
56500,12000,68500
24436,50466,74902
30895,90663,121558
68139,88490,156629
72957,34692,107649
90720,97753,188473
27024,24995,52019
77607,18766,96373
40581,82392,122973
39979,33143,73122
10160,20568,30728
55312,42138,97450
25703,65844,91547
58857,15126,73983
11444,23763,35207
18522,87187,105709
20225,42471,62696
49465,37168,86633
52039,831,52870
80730,40507,121237
88768,53116,141884
13831,57816,71647
5241,51380,56621
38068,47188,85256
81978,60507,142485
79721,18522,98243
7692,32231,39923
83620,6847,90467
18830,40959,59789
87878,38236,126114
31656,36206,67862
181,97767,97948
51628,79647,131275
41905,11061,52966
10754,50886,61640
85033,58993,144026
93087,77439,170526
77561,98568,176129
78404,5450,83854
14341,67495,81836
39762,98027,137789
32195,36976,69171
42641,53846,96487
78059,68662,146721
20346,552,20898
78934,47720,126654
36595,91309,127904
20842,48522,69364
79174,49048,128222
95296,84960,180256
98235,10567,108802
35302,23005,58307
74522,90337,164859
11316,67650,78966
92259,11892,104151
47535,95851,143386
62344,7140,69484
20899,62490,83389
56423,56186,112609
57720,63818,121538
69904,956,70860
98700,74919,173619
21073,10621,31694
48086,38482,86568
81422,34775,116197
24732,51583,76315
71360,1299,72659
90279,26385,116664
9620,14285,23905
4430,86744,91174
21417,60743,82160
41901,52187,94088
47395,22159,69554
50809,23576,74385
39386,95432,134818
76343,70961,147304
9971,67421,77392
59640,10040,69680
64319,72752,137071
62963,45661,108624
66296,35664,101960
16414,12555,28969
96857,3743,100600
23868,97952,121820
47544,94201,141745
157,58585,58742
90571,76356,166927
77504,44379,121883
81998,36099,118097
37388,70416,107804
33036,24661,57697
8576,32340,40916
40219,54447,94666
69645,87513,157158
11868,56446,68314
2531,6964,9495
4822,45881,50703
47023,28821,75844
30061,3986,34047
73742,7119,80861
76212,63006,139218
12049,73067,85116
63327,69636,132963
62008,14077,76085
78512,26901,105413
13225,31546,44771
40195,24690,64885
43750,21995,65745
44119,41281,85400
75530,68275,143805
32157,96397,128554
2793,31467,34260
33525,99922,133447
63887,10841,74728
76814,43690,120504
21118,1203,22321
40240,61183,101423
34876,62148,97024
66306,8443,74749
71934,16198,88132
97587,13834,111421
60614,51238,111852
64366,397,64763
62293,34801,97094
13003,30076,43079
68818,63227,132045
81023,2315,83338
41662,56192,97854
1708,31594,33302
44232,95464,139696
94157,81896,176053
38928,16008,54936
7864,16760,24624
65899,19012,84911
89817,64653,154470
85754,15574,101328
69521,31170,100691
16551,15482,32033
39295,67691,106986
88759,61761,150520
23559,2429,25988
58645,31496,90141
10559,71354,81913
23532,26125,49657
63908,23882,87790
96746,93917,190663
14447,51271,65718
91379,79884,171263
30891,54520,85411
21773,86894,108667
93255,74321,167576
2681,23639,26320
53560,25487,79047
41233,63033,104266
25051,76529,101580
52950,6477,59427
75535,48451,123986
26575,26847,53422
97389,58096,155485
46790,72230,119020
52291,87659,139950
67120,39846,106966
46304,27551,73855
96965,52816,149781
57251,96313,153564
89656,99411,189067
53109,38361,91470
37422,39081,76503
71397,24820,96217
41587,67056,108643
60433,61794,122227
56400,876,57276
38195,72092,110287
19876,58075,77951
77670,56037,133707
51751,39060,90811
17386,39242,56628
28023,74147,102170
43295,98939,142234
4566,20657,25223
35278,59665,94943
47846,45616,93462
68203,39068,107271
22175,8590,30765
49964,34125,84089
10834,82078,92912
51916,57624,109540
16567,97819,114386
76858,67456,144314
776,62723,63499
51903,97969,149872
52520,15817,68337
91479,84205,175684
80111,92487,172598
9734,39832,49566
87447,93155,180602
32006,8602,40608
28690,3870,32560
54831,15694,70525
66713,28208,94921
22889,30022,52911
96587,36622,133209
92418,21448,113866
23235,53570,76805
42937,10151,53088
4276,84757,89033
22524,53120,75644
86345,51700,138045
17211,13564,30775
41258,46990,88248
78266,32751,111017
3741,82964,86705
40183,99475,139658
67686,62572,130258
4893,78659,83552
61198,67337,128535
12830,80683,93513
29541,9814,39355
65703,92005,157708
97083,64719,161802
88534,13348,101882
89733,88346,178079
72723,70124,142847
83258,29635,112893
4442,40264,44706
99862,93190,193052
39176,84598,123774
63617,32900,96517
60708,4110,64818
24733,98985,123718
55496,56661,112157
56786,86813,143599
48042,17423,65465
77943,86506,164449
22557,3430,25987
55439,8134,63573
94121,66994,161115
14058,5510,19568
98334,71096,169430
88206,11624,99830
20939,49538,70477
97529,93851,191380
87476,87583,175059
50485,8699,59184
2643,33352,35995
99730,78515,178245
21315,36325,57640
76446,94884,171330
28061,41989,70050
89493,11836,101329
34567,70234,104801
53349,87003,140352
53821,29447,83268
29748,68914,98662
12630,81861,94491
70231,26487,96718
30113,62395,92508
47463,44053,91516
21223,99431,120654
11973,74099,86072
36916,67879,104795
38837,87660,126497
11280,64772,76052
47521,49874,97395
81061,67140,148201
57954,37265,95219
33942,7592,41534
23425,27078,50503
70758,88089,158847
87730,8070,95800
98665,59092,157757
57476,73723,131199
77283,27345,104628
92607,33006,125613
17184,34874,52058
45865,67308,113173
8355,22236,30591
99783,63021,162804
57729,271,58000
81588,1663,83251
81757,8288,90045
19797,97938,117735
1088,31131,32219
6723,43507,50230
13368,58767,72135
52945,42582,95527
75334,11116,86450
77239,30374,107613
96963,81627,178590
13128,77148,90276
66339,84778,151117
57005,94887,151892
48284,65251,113535
67310,58925,126235
27785,35787,63572
44224,59754,103978
28395,76174,104569
31927,95956,127883
91397,18245,109642
2350,8455,10805
53079,56455,109534
55512,90063,145575
37696,90348,128044
3928,62204,66132
55062,96854,151916
48833,99525,148358
71921,57196,129117
52883,52025,104908
34015,77251,111266
77755,76137,153892
17238,55538,72776
50781,77320,128101
72798,37447,110245
61327,80968,142295
83074,75059,158133
66364,74879,141243
23601,62646,86247
29181,22148,51329
78086,51463,129549
43694,13108,56802
58811,86264,145075
36963,8382,45345
57842,77535,135377
88444,45271,133715
82129,49938,132067
44310,58609,102919
64641,93282,157923
21057,34336,55393
83534,60604,144138
66430,80228,146658
41328,63044,104372
85368,42540,127908
41066,42302,83368
33173,47727,80900
70100,54394,124494
68117,69978,138095
35236,81165,116401
9351,9955,19306
85973,64753,150726
27109,87082,114191
69683,10236,79919
71021,79529,150550
7667,75089,82756
468,1316,1784
38681,88339,127020
80944,76263,157207
93307,60179,153486
35686,27685,63371
59353,45633,104986
21102,30131,51233
54168,13992,68160
16810,35340,52150
55221,65202,120423
31345,7908,39253
87014,82237,169251
56529,35399,91928
68099,3480,71579
93693,5729,99422
3111,41920,45031
58438,30285,88723
54295,4247,58542
10595,2998,13593
68704,91445,160149
32648,77847,110495
33279,89025,122304
58938,26761,85699
41214,53542,94756
91270,51328,142598
45509,74860,120369
34843,68290,103133
73097,95469,168566
98367,1441,99808
53102,9244,62346
65961,64611,130572
79527,81631,161158
13638,68813,82451
77145,33278,110423
24086,52775,76861
84348,38561,122909
47495,72667,120162
286,513,799
98499,88286,186785
12133,80386,92519
31355,6142,37497
61924,50342,112266
86369,97378,183747
58741,81872,140613
85750,16174,101924
53997,28494,82491
61091,47755,108846
87696,6311,94007
94161,43658,137819
74371,84048,158419
73770,15012,88782
41084,26885,67969
73945,95201,169146
83235,68743,151978
55730,78914,134644
16323,11107,27430
50816,66227,117043
48694,97818,146512
61681,89579,151260
99865,870,100735
77775,82956,160731
24940,49555,74495
77835,12595,90430
59759,89951,149710
65699,42379,108078
46212,88581,134793
35768,76880,112648
12154,43695,55849
26014,15081,41095
87963,63683,151646
7493,41836,49329
98795,62624,161419
1255,45098,46353
94024,8624,102648
262,69429,69691
65211,43460,108671
48414,70160,118574
80823,84943,165766
99826,32287,132113
62308,17963,80271
52042,21506,73548
17354,98734,116088
10695,57686,68381
75994,67711,143705
75920,17819,93739
14751,8363,23114
80379,2732,83111
25473,74364,99837
86547,96213,182760
93366,61129,154495
86760,87281,174041
18298,42224,60522
40626,29330,69956
62279,36682,98961
48885,95005,143890
34768,85296,120064
88097,16262,104359
54953,95017,149970
23932,55983,79915
44545,28769,73314
89872,50717,140589
63134,59288,122422
95495,32769,128264
27626,31234,58860
81427,25195,106622
73472,2570,76042
19955,27123,47078
5548,50111,55659
41938,8820,50758
96036,1889,97925
73284,13861,87145
86080,14019,100099
14535,14873,29408
44601,27691,72292
4940,16994,21934
70110,85727,155837
88598,84135,172733
83227,3762,86989
9780,25168,34948
93878,27706,121584
14879,72443,87322
35990,78415,114405
4574,30279,34853
39930,52830,92760
90020,52396,142416
56192,83601,139793
58196,78235,136431
46580,3207,49787
53577,5785,59362
9058,91811,100869
43075,50337,93412
58081,85513,143594
97703,5635,103338
25876,1180,27056
70380,78242,148622
31792,63505,95297
36751,19099,55850
60787,44967,105754
60055,36626,96681
6029,86986,93015
95957,76182,172139
35696,75351,111047
62415,32107,94522
23823,85139,108962
22185,97379,119564
55508,39819,95327
45541,21020,66561
90330,65563,155893
87057,70808,157865
75240,61647,136887
98190,32815,131005
67779,49975,117754
58091,65094,123185
25514,18437,43951
4456,27378,31834
82981,24981,107962
65337,50666,116003
67475,87736,155211
72205,77415,149620
43466,94133,137599
2543,13458,16001
83746,10794,94540
32092,74136,106228
36241,98321,134562
19440,65472,84912
58794,30279,89073
48604,27498,76102
11147,93082,104229
7470,11430,18900
94151,34882,129033
43604,52898,96502
12284,16296,28580
66386,57221,123607
38153,54426,92579
96400,54186,150586
71124,5052,76176
63931,57704,121635
70055,51961,122016
37085,25207,62292
94639,69265,163904
55793,35566,91359
11569,3145,14714
18749,81155,99904
57448,50378,107826
36588,82607,119195
52063,87257,139320
44098,47045,91143
56359,10902,67261
61867,88667,150534
31918,89807,121725
8114,16251,24365
99519,85453,184972
69041,68320,137361
35637,97214,132851
94865,65944,160809
29377,69376,98753
7399,24147,31546
3659,51633,55292
55140,3920,59060
35660,5889,41549
90325,22663,112988
60494,41735,102229
92769,60769,153538
3097,3309,6406
56694,14,56708
82155,35189,117344
65103,1879,66982
79408,24192,103600
7065,87372,94437
57034,42848,99882
42658,928,43586
64551,74143,138694
32456,26987,59443
93497,16872,110369
53037,96797,149834
19187,18740,37927
94805,59718,154523
46738,79985,126723
82811,39020,121831
97383,5378,102761
48357,34601,82958
71939,84804,156743
50371,83746,134117
18551,62252,80803
63700,11663,75363
74613,98485,173098
20921,32658,53579
47391,24557,71948
73530,23126,96656
88262,67158,155420
28865,53274,82139
28316,58301,86617
83497,79378,162875
51373,58051,109424
65964,57511,123475
41614,15261,56875
31521,68242,99763
41004,16489,57493
14799,78445,93244
55749,66814,122563
44439,3552,47991
26580,58749,85329
76975,25643,102618
85267,38553,123820
63307,92789,156096
27135,94810,121945
74696,22182,96878
7054,99333,106387
95117,63831,158948
45497,35334,80831
13590,21361,34951
1287,39671,40958
79169,26580,105749
1941,65594,67535
68477,78349,146826
68704,23177,91881
60970,67850,128820
27284,38449,65733
18100,98135,116235
71617,4147,75764
59309,65315,124624
29372,90880,120252
58693,14867,73560
42817,23328,66145
92461,66412,158873
94414,37029,131443
15906,10274,26180
20073,44601,64674
41476,5359,46835
37321,4907,42228
86111,75049,161160
22923,53618,76541
30328,76139,106467
33285,85256,118541
66785,3180,69965
11374,21774,33148
55161,60619,115780
15278,42210,57488
36470,65467,101937
92705,32333,125038
15571,97575,113146
8339,56965,65304
84477,53406,137883
13067,4746,17813
58123,64929,123052
66451,72564,139015
56079,46308,102387
7231,48206,55437
95784,24317,120101
25379,28262,53641
38907,56251,95158
57866,51542,109408
11261,38040,49301
49245,65138,114383
74829,12156,86985
59884,38282,98166
9198,10243,19441
41281,80116,121397
8944,82322,91266
5854,93751,99605
98125,67656,165781
46406,12357,58763
39807,30536,70343
85509,19424,104933
78371,64146,142517
78426,76916,155342
33117,54026,87143
79464,96402,175866
69963,88394,158357
22691,3165,25856
2739,25710,28449
6908,56258,63166
49154,50360,99514
84305,66394,150699
35531,98212,133743
66722,67114,133836
70265,83608,153873
61215,36795,98010
80257,12332,92589
31635,78456,110091
73201,56167,129368
25790,41579,67369
80201,49077,129278
26141,45539,71680
56811,39914,96725
90507,81429,171936
71954,80440,152394
32530,78393,110923
98742,69227,167969
99951,93710,193661
26893,86469,113362
9926,13864,23790
36122,8507,44629
40297,45058,85355
20428,51170,71598
3242,46921,50163
51510,36865,88375
79242,8974,88216
67108,81078,148186
12101,17658,29759
64259,27173,91432
86364,88901,175265
60846,66694,127540
87248,94257,181505
79712,92745,172457
63646,23915,87561
43367,37007,80374
88217,19780,107997
10825,20840,31665
30325,12279,42604
15565,20073,35638
96345,82645,178990
85728,82522,168250
1307,95318,96625
5769,64871,70640
76430,35173,111603
27398,25968,53366
32902,78455,111357
98776,15969,114745
21334,27198,48532
54910,79595,134505
73521,12658,86179
11959,236,12195
76837,29916,106753
1577,57953,59530
23364,87077,110441
73998,77684,151682
55047,40978,96025
28161,45018,73179
12687,62383,75070
8019,865,8884
99505,280,99785
67553,18044,85597
75866,77914,153780
28709,86728,115437
20317,72913,93230
67043,31590,98633
24739,34840,59579
74391,81889,156280
41829,36609,78438
83475,57808,141283
74700,46512,121212
47659,31335,78994
33044,29260,62304
94274,56142,150416
32817,48440,81257
99479,61895,161374
50626,18365,68991
78103,8842,86945
55532,3181,58713
62109,58519,120628
58821,1110,59931
8905,56739,65644
18448,48353,66801
69775,85162,154937
38784,69491,108275
97892,93821,191713
69632,35568,105200
83388,18410,101798
86540,40085,126625
43022,70497,113519
62272,69023,131295
71387,56527,127914
61248,8876,70124
42890,17722,60612
77463,89570,167033
50465,74168,124633
48200,95033,143233
23682,99614,123296
52262,26140,78402
9984,501,10485
75554,10839,86393
68160,41983,110143
58328,47932,106260
32525,79023,111548
38622,36797,75419
27221,53078,80299
63409,19341,82750
30472,45318,75790
36435,41768,78203
85771,60667,146438
95314,96996,192310
88667,79455,168122
62298,36065,98363
30133,99908,130041
86614,89628,176242
18884,12959,31843
79044,69725,148769
31825,38118,69943
37458,77597,115055
23007,14269,37276
9331,81805,91136
24258,85854,110112
67961,36527,104488
50418,35635,86053
82808,17891,100699
96557,62237,158794
84208,80700,164908
48417,64053,112470
65432,13704,79136
69428,22936,92364
76589,82627,159216
89856,3779,93635
98564,76960,175524
25620,83359,108979
51226,37471,88697
23360,55612,78972
61027,74399,135426
44660,97926,142586
19707,32973,52680
45367,64309,109676
53963,65453,119416
8600,88907,97507
46272,26988,73260
85928,7830,93758
72134,18972,91106
23011,56333,79344
44878,44865,89743
66035,29839,95874
42197,3788,45985
12968,15923,28891
35820,36623,72443
47156,60938,108094
87954,33419,121373
98788,31160,129948
22082,70936,93018
1502,87374,88876
56972,41129,98101
17686,59424,77110
77320,88031,165351
36168,36260,72428
53487,98764,152251
64107,57532,121639
80580,18550,99130
93583,1681,95264
35684,25630,61314
24576,925,25501
5723,90682,96405
46273,29255,75528
94012,42350,136362
11530,82223,93753
68297,83560,151857
83572,76080,159652
32934,24018,56952
50760,83436,134196
77807,12825,90632
9822,50192,60014
44297,3389,47686
46439,42386,88825
85525,78207,163732
71756,78314,150070
93358,13789,107147
2520,42592,45112
62767,50831,113598
17457,67533,84990
73779,36275,110054
19859,11580,31439
71294,69497,140791
30030,34755,64785
63480,15669,79149
60111,2501,62612
81164,38084,119248
58733,61965,120698
82668,85603,168271
92709,10636,103345
70866,15329,86195
16161,66563,82724
9192,20083,29275
47757,58140,105897
73814,16326,90140
80797,86629,167426
66486,65435,131921
21766,70535,92301
8845,18575,27420
76286,65203,141489
45701,23471,69172
27659,26229,53888
96684,38404,135088
56101,10112,66213
4758,86445,91203
82986,21603,104589
11055,93616,104671
66187,93584,159771
98612,89625,188237
44481,67603,112084
44877,91027,135904
68462,67734,136196
26884,57425,84309
72694,35717,108411
94241,94440,188681
59950,93553,153503
39044,38012,77056
82238,81192,163430
8509,22813,31322
61069,39468,100537
33564,51027,84591
25617,15370,40987
96330,42117,138447
95657,70184,165841
80936,37541,118477
78891,34341,113232
78399,42863,121262
32760,14615,47375
1330,20566,21896
16753,85023,101776
65845,49333,115178
61384,71257,132641
12383,36773,49156
63905,72034,135939
3013,44305,47318
96923,46159,143082
46695,50214,96909
26109,44710,70819
31045,17560,48605
2684,28632,31316
77432,10325,87757
53809,93777,147586
49690,65756,115446
25335,72765,98100
478,96891,97369
82376,90647,173023
44997,62270,107267
6951,28283,35234
5886,22899,28785
45601,23995,69596
31450,6161,37611
67196,61594,128790
88518,47932,136450
93832,59191,153023
14306,79375,93681
10840,17858,28698
50685,27398,78083
76664,97382,174046
63259,40492,103751
38186,81533,119719
32409,94072,126481
67541,52720,120261
47931,23443,71374
21594,91610,113204
59574,29354,88928
47592,9165,56757
3790,91175,94965
49721,35579,85300
97555,15556,113111
23163,75948,99111
66825,69787,136612
7889,28635,36524
12969,71299,84268
37319,98825,136144
6269,57428,63697
91876,75281,167157
93849,23566,117415
77387,57884,135271
88432,26208,114640
6226,19027,25253
53296,64112,117408
88931,15549,104480
27015,11622,38637
97955,98351,196306
61700,60832,122532
29301,14895,44196
93558,29896,123454
87731,31543,119274
77920,3729,81649
67614,84497,152111
57349,92359,149708
58847,62783,121630
44593,90461,135054
58337,54913,113250
30066,44636,74702
19263,11535,30798
97812,7889,105701
48263,66236,114499
98978,99781,198759
29747,59910,89657
1228,56970,58198
44993,97055,142048
94104,57633,151737
55116,45452,100568
34258,51175,85433
49432,9585,59017
53498,84514,138012
53592,4658,58250
71281,54664,125945
26627,39003,65630
83019,90631,173650
8877,16354,25231
42310,71394,113704
51273,18876,70149
46122,27324,73446
7529,67658,75187
26773,92359,119132
4420,32788,37208
77867,82062,159929
62975,30648,93623
27447,70700,98147
27595,81380,108975
59913,72837,132750
20438,48326,68764
7047,58336,65383
71647,20268,91915
8128,17556,25684
28308,58887,87195
47939,83136,131075
78107,43930,122037
52199,90981,143180
46804,34714,81518
46827,15729,62556
39266,31920,71186
76747,99688,176435
72250,75208,147458
46442,13353,59795
34267,41244,75511
54170,46935,101105
27414,48011,75425
64800,10613,75413
80706,67961,148667
879,93800,94679
63500,82495,145995
448,4379,4827
36720,36654,73374
82018,60287,142305
69890,66197,136087
48995,69767,118762
38222,58203,96425
49204,41017,90221
26659,92267,118926
6301,43279,49580
14089,93354,107443
33439,12651,46090
4121,99232,103353
31184,18197,49381
41700,65701,107401
94176,27805,121981
33416,42718,76134
41116,70256,111372
58860,97289,156149
28959,55395,84354
56351,27491,83842
757,4192,4949
58045,72211,130256
88440,75973,164413
19171,97947,117118
9650,15022,24672
16158,42745,58903
76400,50366,126766
44002,75976,119978
66406,51274,117680
65708,6439,72147
50321,89112,139433
90239,17924,108163
66963,27299,94262
19402,76369,95771
88786,90281,179067
56983,39393,96376
25139,85043,110182
35808,70454,106262
93058,77150,170208
89577,84295,173872
1535,54664,56199
61729,37712,99441
37873,88875,126748
20229,57633,77862
77499,87755,165254
42737,38246,80983
37402,21401,58803
11362,42710,54072
36023,43852,79875
79558,78017,157575
23794,86637,110431
45131,34851,79982
51986,43062,95048
68753,54014,122767
45772,43889,89661
4154,86029,90183
22850,94331,117181
77692,48440,126132
70147,5337,75484
56699,37275,93974
39362,69601,108963
84788,76568,161356
95907,38975,134882
13871,84597,98468
99419,50818,150237
86843,26467,113310
40361,25116,65477
59875,63273,123148
71688,2510,74198
75478,571,76049
62064,21452,83516
17235,28847,46082
69462,46138,115600
65273,46102,111375
96056,61457,157513
56993,10796,67789
49936,7029,56965
88688,45750,134438
30331,73545,103876
82524,74410,156934
34252,72718,106970
22444,79120,101564
93883,36451,130334
59029,89508,148537
18509,1865,20374
32504,21752,54256
80499,15687,96186
35994,27251,63245
19781,94239,114020
81176,60475,141651
58751,70060,128811
75063,10068,85131
78128,53366,131494
50949,15143,66092
34273,1166,35439
61311,98378,159689
59834,73473,133307
37094,24971,62065
29593,59336,88929
80735,89633,170368
85972,6089,92061
57961,11020,68981
9725,26671,36396
76586,80977,157563
94014,33152,127166
46933,4922,51855
70378,44576,114954
41733,38746,80479
81001,11611,92612
56784,60006,116790
79080,54317,133397
85898,20844,106742
33558,20902,54460
30946,88726,119672
8634,28249,36883
55499,98109,153608
73809,22358,96167
50106,73633,123739
1478,2579,4057
64777,2827,67604
2985,48463,51448
73132,74840,147972
33731,97597,131328
67157,99655,166812
50607,84172,134779
26472,45253,71725
44345,58794,103139
89144,63707,152851
61674,54731,116405
43911,8045,51956
84469,29009,113478
18687,15721,34408
68999,29792,98791
85710,2946,88656
52434,52468,104902
12125,1715,13840
28672,78028,106700
90427,57063,147490
60782,35090,95872
74345,58157,132502
45177,46527,91704
60474,48358,108832
88338,22606,110944
7665,31542,39207
82688,60210,142898
37662,3532,41194
73638,50104,123742
17620,26892,44512
67423,80355,147778
26540,29453,55993
89114,61933,151047
49691,37924,87615
63693,85639,149332
24951,28683,53634
30460,20501,50961
98114,89540,187654
45462,19183,64645
20478,13424,33902
62375,89341,151716
84474,22653,107127
9371,64468,73839
55682,47783,103465
66562,683,67245
32564,8076,40640
90468,31306,121774
45786,90003,135789
77322,87094,164416
8692,91362,100054
33861,42779,76640
74856,30619,105475
97283,72879,170162
14657,5254,19911
79845,86702,166547
1468,99217,100685
60525,29699,90224
81186,87048,168234
33200,62117,95317
66641,55555,122196
64974,80622,145596
63540,98981,162521
50656,18469,69125
98327,5394,103721
44217,34737,78954
12656,78660,91316
14511,39295,53806
56636,11090,67726
78994,21661,100655
75633,36463,112096
28465,70770,99235
79718,14044,93762
12757,37864,50621
52639,45323,97962
76236,33042,109278
37989,26567,64556
45791,49120,94911
70302,72895,143197
28609,92645,121254
61677,37324,99001
36396,60126,96522
28545,38012,66557
36993,29211,66204
70662,59637,130299
61188,55192,116380
74802,57056,131858
32374,61633,94007
71867,11535,83402
62993,23474,86467
74516,10445,84961
33192,51764,84956
74124,18453,92577
4051,69289,73340
41296,87281,128577
53465,65968,119433
58445,43938,102383
91516,25857,117373
36436,84442,120878
11727,37785,49512
54262,52410,106672
69013,3833,72846
89611,94168,183779
40800,80462,121262
54571,47561,102132
45000,32397,77397
26792,59855,86647
54707,9210,63917
5772,66700,72472
47227,6765,53992
10461,73999,84460
46344,71799,118143
42369,27981,70350
22794,63267,86061
77996,64115,142111
54008,66107,120115
84024,5716,89740
62687,49289,111976
66972,13573,80545
34800,55931,90731
35824,530,36354
92111,63776,155887
96313,67107,163420
8093,44118,52211
38436,65232,103668
63081,41242,104323
80926,76247,157173
66894,38576,105470
45891,66885,112776
54163,36173,90336
26186,19628,45814
35055,79115,114170
41758,53414,95172
87676,5528,93204
74639,95379,170018
96928,26813,123741
56367,78580,134947
68631,98054,166685
23139,63000,86139
52693,57617,110310
27319,70760,98079
10656,70904,81560
9461,53091,62552
15283,69668,84951
14822,91201,106023
62538,81733,144271
33629,64001,97630
78162,30661,108823
30113,71700,101813
50673,79608,130281
50374,11783,62157
23403,51583,74986
65972,58148,124120
12363,96563,108926
6695,30378,37073
44820,57992,102812
92182,73026,165208
41126,61053,102179
88486,71528,160014
57620,77974,135594
60591,23774,84365
51301,83988,135289
6885,44038,50923
30191,57477,87668
15251,53161,68412
40597,10531,51128
26514,30982,57496
18382,67667,86049
55659,61328,116987
31716,89434,121150
19347,25608,44955
84856,85507,170363
57179,70942,128121
26476,89418,115894
89962,57223,147185
21266,86168,107434
63335,63211,126546
9614,81649,91263
61386,21644,83030
44486,37902,82388
87818,81993,169811
79852,70878,150730
15077,8507,23584
71030,17526,88556
76160,90552,166712
65604,51069,116673
63196,14645,77841
8581,26577,35158
32458,39485,71943
64893,18064,82957
19036,2918,21954
61791,76368,138159
53660,65325,118985
86604,55593,142197
62058,30751,92809
7899,36790,44689
95190,27251,122441
47252,37509,84761
92298,17528,109826
55070,1145,56215
31024,70144,101168
3747,80738,84485
76993,91399,168392
7014,35204,42218
19612,13650,33262
27130,65377,92507
93145,35341,128486
67043,94108,161151
61616,39552,101168
31327,56910,88237
4481,27013,31494
37106,89353,126459
642,27900,28542
10403,53488,63891
37722,25077,62799
7585,8625,16210
42060,78260,120320
9059,53180,62239
49599,49197,98796
3975,46164,50139
69645,29126,98771
92582,68734,161316
19380,19582,38962
4019,40201,44220
72478,19820,92298
86966,41965,128931
73118,49910,123028
44367,31721,76088
81612,46246,127858
95819,98928,194747
67213,40946,108159
59403,59832,119235
42374,41807,84181
32296,12196,44492
77495,31775,109270
66966,81475,148441
6762,75009,81771
4998,92001,96999
7713,63794,71507
84497,1064,85561
14257,62469,76726
65646,66383,132029
88672,81229,169901
64297,88370,152667
46050,6715,52765
4254,15400,19654
59358,95859,155217
99647,64885,164532
13865,98629,112494
82653,78472,161125
63669,51314,114983
34595,39035,73630
77624,91274,168898
59908,43794,103702
40004,22462,62466
3358,89572,92930
35589,28714,64303
69488,52693,122181
69479,28866,98345
85833,50367,136200
28137,15939,44076
51222,26518,77740
40131,67126,107257
6361,11266,17627
94459,15393,109852
11338,41219,52557
22373,79051,101424
96890,25112,122002
53611,81450,135061
18697,97459,116156
37034,7864,44898
93945,1590,95535
80704,31808,112512
37024,20792,57816
70087,23075,93162
54639,50806,105445
52174,96932,149106
96956,98066,195022
10083,356,10439
55058,277,55335
97324,52206,149530
80045,19389,99434
63814,75251,139065
70780,97775,168555
40093,79151,119244
44530,32458,76988
96478,23848,120326
11235,53447,64682
84613,9810,94423
35157,44162,79319
48613,56015,104628
22765,74963,97728
18006,95167,113173
98085,80136,178221
58290,57299,115589
40932,26534,67466
89410,37568,126978
29100,89297,118397
38300,29391,67691
69281,32014,101295
48875,27257,76132
91952,3992,95944
23884,38297,62181
56549,56451,113000
74699,13030,87729
74934,34383,109317
72295,32009,104304
95023,54667,149690
85490,29232,114722
70926,54204,125130
99119,53627,152746
15309,45482,60791
98942,46317,145259
23414,88117,111531
19859,75695,95554
30203,66410,96613
21113,71523,92636
16560,51981,68541
24128,26500,50628
54554,57117,111671
64283,51176,115459
90590,43942,134532
16777,998,17775
69200,9415,78615
65157,45099,110256
38484,29038,67522
3168,17148,20316
13743,53328,67071
54387,74797,129184
36195,19609,55804
21500,1583,23083
55286,61438,116724
20165,49715,69880
9433,60141,69574
57617,6420,64037
30921,57462,88383
14749,30652,45401
21203,84094,105297
76697,23495,100192
34023,91134,125157
65109,54270,119379
68356,58492,126848
42300,39238,81538
20064,29490,49554
89336,41349,130685
24807,40841,65648
75753,52687,128440
56916,89723,146639
79182,32583,111765
9584,28224,37808
31182,23736,54918
83165,2737,85902
41774,75943,117717
87384,60619,148003
13452,63860,77312
19981,64228,84209
47694,85912,133606
25588,36388,61976
251,19553,19804
38842,99823,138665
43329,97237,140566
96685,41168,137853
69827,24334,94161
67107,62935,130042
207,65329,65536
92824,19264,112088
90830,11460,102290
68627,19193,87820
97793,24242,122035
84572,19306,103878
56532,99351,155883
28107,85756,113863
74212,73594,147806
73002,8405,81407
15533,44545,60078
56395,7338,63733
84297,32993,117290
10051,98922,108973
93627,51103,144730
25296,98404,123700
96434,78494,174928
98809,84001,182810
92787,15541,108328
98479,33291,131770
63089,17140,80229
96400,90076,186476
62323,7887,70210
35413,26732,62145
76199,1876,78075
7094,78011,85105
96391,35243,131634
73640,50342,123982
90573,68520,159093
98653,80561,179214
77196,99551,176747
3352,20265,23617
63030,48001,111031
76603,91803,168406
5237,18260,23497
69475,54748,124223
31471,11165,42636
34135,56457,90592
479,64578,65057
60453,58262,118715
9430,5397,14827
53766,40787,94553
91054,33571,124625
32205,88464,120669
34347,37882,72229
11900,31036,42936
62659,82325,144984
42462,54110,96572
37182,22694,59876
54259,9148,63407
83645,7081,90726
68009,90659,158668
22702,45001,67703
82647,33863,116510
76951,16627,93578
2442,50618,53060
27187,69087,96274
58476,69394,127870
3206,93589,96795
32120,11485,43605
61103,16768,77871
39865,92118,131983
78588,70713,149301
43933,79671,123604
59408,85466,144874
25557,4587,30144
20386,48839,69225
90917,17720,108637
14526,75213,89739
19693,46884,66577
50834,6328,57162
59874,95674,155548
53764,39506,93270
26325,70644,96969
42947,78336,121283
8146,96994,105140
10243,83209,93452
15704,80618,96322
9674,15346,25020
90934,28452,119386
94569,53979,148548
85997,96358,182355
78587,95242,173829
9457,69003,78460
34740,38210,72950
60201,63430,123631
66074,401,66475
63758,46286,110044
33075,91717,124792
38101,81639,119740
20884,1924,22808
62652,9103,71755
31152,8137,39289
83999,22618,106617
57406,61960,119366
92289,33554,125843
23433,93512,116945
71507,4872,76379
68268,69647,137915
27429,39839,67268
98158,37721,135879
28414,90879,119293
86230,1697,87927
83107,18095,101202
91416,91477,182893
21395,46885,68280
56943,73750,130693
64468,55094,119562
87478,5861,93339
74329,33897,108226
29416,27631,57047
8262,90308,98570
60061,52743,112804
69313,33456,102769
81423,29631,111054
5319,17706,23025
60096,46955,107051
71499,28969,100468
12017,85255,97272
55095,43509,98604
75738,97247,172985
71700,61193,132893
39081,21986,61067
55201,96359,151560
84954,27296,112250
9917,7463,17380
47658,96710,144368
59,75455,75514
84736,7787,92523
25109,52040,77149
58035,68802,126837
67605,34435,102040
1104,72080,73184
1670,9091,10761
6871,79700,86571
80198,86971,167169
76458,17273,93731
48423,88417,136840
48241,24846,73087
55274,53565,108839
77407,51499,128906
13992,38563,52555
30931,34901,65832
52043,95850,147893
79305,97449,176754
97350,19281,116631
25707,2354,28061
23083,56209,79292
96728,23625,120353
11863,14860,26723
44263,35772,80035
36410,76390,112800
91320,1608,92928
86928,98681,185609
6409,40492,46901
38824,53214,92038
461,306,767
57006,75449,132455
89550,24461,114011
67314,18204,85518
34721,72576,107297
49236,20331,69567
95560,81281,176841
12713,77133,89846
51035,86083,137118
91133,14431,105564
975,19561,20536
47880,42731,90611
11662,58954,70616
87296,53696,140992
16962,95421,112383
3723,52749,56472
26793,70546,97339
14741,49132,63873
18396,52419,70815
70233,22052,92285
72846,97002,169848
37534,54397,91931
23874,79000,102874
55564,17435,72999
8213,69476,77689
26328,76533,102861
35945,52174,88119
61145,62819,123964
12365,59489,71854
55106,79063,134169
16197,79854,96051
47656,81078,128734
27347,32469,59816
82885,42959,125844
16156,93448,109604
78138,51922,130060
10661,35573,46234
638,44130,44768
33859,61718,95577
39305,46903,86208
77010,54102,131112
49533,11991,61524
72054,8983,81037
16356,41765,58121
67821,33923,101744
29396,558,29954
17560,35204,52764
42521,34081,76602
62133,96861,158994
79393,73167,152560
26534,62348,88882
67488,77264,144752
91186,35942,127128
73725,50456,124181
29621,19628,49249
66460,22578,89038
60855,51649,112504
11250,76362,87612
94127,62768,156895
22786,55827,78613
95025,12502,107527
22591,38158,60749
4428,69517,73945
42058,64702,106760
87518,60334,147852
68597,76230,144827
12212,60242,72454
72318,16375,88693
81762,70761,152523
88039,34171,122210
75681,13557,89238
17393,15423,32816
36391,43595,79986
93,14296,14389
13141,20969,34110
95575,30085,125660
64850,19726,84576
59143,97980,157123
70203,24530,94733
1720,6894,8614
17973,89676,107649
46132,74678,120810
27533,8435,35968
71321,40451,111772
47703,39898,87601
34800,32818,67618
73212,37387,110599
73989,1204,75193
53132,8119,61251
47581,5896,53477
57038,78388,135426
53513,47615,101128
15882,46265,62147
31503,29394,60897
1392,93128,94520
71207,9590,80797
50137,31034,81171
16832,62238,79070
90165,42215,132380
18017,33329,51346
10053,12998,23051
79634,83172,162806
76092,51760,127852
14129,82590,96719
9118,83584,92702
43050,11584,54634
20684,66091,86775
36182,53782,89964
76485,45016,121501
25252,46888,72140
66465,2329,68794
92466,17014,109480
73003,54403,127406
37330,77884,115214
55171,15619,70790
66680,34308,100988
33418,3471,36889
68939,25326,94265
6724,74062,80786
83741,62523,146264
59124,40172,99296
62779,92845,155624
74656,66618,141274
72451,1757,74208
84560,14520,99080
79256,50581,129837
73943,56742,130685
43819,87948,131767
2607,60342,62949
21333,1677,23010
75299,86596,161895
35895,78057,113952
56348,75505,131853
44501,99824,144325
54724,30765,85489
67641,34864,102505
10747,29896,40643
91875,44261,136136
93629,50553,144182
34229,27408,61637
57358,76927,134285
64163,5489,69652
98743,37949,136692
93187,22475,115662
46451,22151,68602
39162,80320,119482
40937,77673,118610
83055,38765,121820
9894,98676,108570
30575,94541,125116
15388,21160,36548
50311,37926,88237
5853,59166,65019
21578,416,21994
78865,79754,158619
57753,94821,152574
86017,18838,104855
80850,22376,103226
98214,930,99144
32735,41080,73815
61972,92338,154310
49869,57138,107007
59716,41397,101113
25416,70436,95852
81016,15053,96069
79602,4374,83976
57785,6170,63955
62142,50313,112455
54897,13076,67973
246,4553,4799
53820,89705,143525
22727,87104,109831
59218,53651,112869
82673,45305,127978
32161,93268,125429
66440,25425,91865
10297,54129,64426
88679,82921,171600
34523,38724,73247
93847,80758,174605
16500,47563,64063
22063,46565,68628
76211,43567,119778
14751,6507,21258
95461,77924,173385
1335,76054,77389
20126,63506,83632
12087,64352,76439
60596,48919,109515
96292,23643,119935
27484,40970,68454
72841,20687,93528
55162,35278,90440
42743,88717,131460
51855,64021,115876
1053,21235,22288
11100,12948,24048
59674,43432,103106
45472,93763,139235
2617,10891,13508
70105,98106,168211
74964,26787,101751
6490,93715,100205
9267,63353,72620
22764,78663,101427
8105,66762,74867
79995,13655,93650
3129,2524,5653
74140,1275,75415
80870,21528,102398
40747,40342,81089
7237,71644,78881
49415,13430,62845
81543,91138,172681
51261,64102,115363
51652,40586,92238
41723,38584,80307
94857,50837,145694
8473,6392,14865
24581,6683,31264
84822,15725,100547
51714,79314,131028
94662,45050,139712
6774,14857,21631
96696,60567,157263
19791,58233,78024
38962,30254,69216
17928,6609,24537
87931,15040,102971
54453,21390,75843
3038,17779,20817
37887,42806,80693
83317,11208,94525
73659,82283,155942
90937,62053,152990
1324,38482,39806
71963,80730,152693
35598,86814,122412
83444,31091,114535
59609,65576,125185
77458,79685,157143
37837,92591,130428
27318,84960,112278
30959,74,31033
74731,2983,77714
18770,13625,32395
2551,35447,37998
61139,37111,98250
51286,86996,138282
86024,10511,96535
72820,61914,134734
90328,44129,134457
76221,28358,104579
60868,46561,107429
44185,72620,116805
70084,36729,106813
94634,15436,110070
75590,45610,121200
6709,27908,34617
87416,64602,152018
89895,70909,160804
92304,25254,117558
91175,29771,120946
83613,21479,105092
93089,89381,182470
63441,64542,127983
63430,83777,147207
2,66893,66895
22087,76146,98233
71993,89461,161454
62494,14557,77051
32240,35431,67671
85097,76157,161254
79040,9996,89036
18052,17674,35726
29909,35872,65781
87101,15197,102298
42086,20717,62803
6644,82038,88682
46616,90132,136748
98278,41386,139664
70521,99623,170144
48999,57028,106027
73449,74959,148408
77661,45359,123020
64167,8282,72449
35798,98528,134326
5045,69978,75023
40157,8128,48285
25460,23007,48467
57404,77536,134940
62077,17955,80032
36663,60173,96836
89841,13045,102886
15016,1234,16250
5947,63788,69735
95312,62431,157743
54532,37066,91598
40204,83050,123254
27339,23099,50438
86957,20829,107786
6183,62587,68770
50993,58349,109342
9978,96955,106933
51203,39334,90537
40559,27977,68536
41358,47162,88520
78024,16397,94421
42123,43504,85627
76082,59885,135967
15456,87284,102740
25652,91430,117082
97397,76799,174196
57041,26166,83207
2440,86004,88444
67287,87201,154488
45742,78702,124444
67269,91050,158319
85825,64641,150466
22861,6519,29380
25137,32833,57970
53388,79421,132809
58383,28521,86904
97407,78589,175996
11213,10470,21683
56796,84811,141607
80783,35710,116493
28585,93893,122478
21010,70539,91549
51899,66176,118075
11415,73499,84914
9880,81953,91833
98495,44902,143397
14136,73178,87314
2258,50841,53099
32781,19609,52390
64327,97922,162249
71039,19115,90154
23604,32461,56065
18977,63096,82073
94680,57930,152610
75539,90552,166091
82138,73008,155146
40785,4134,44919
7592,79666,87258
28948,96612,125560
36878,35695,72573
79436,78282,157718
41498,62900,104398
4060,29030,33090
51037,85041,136078
43704,45356,89060
73146,22978,96124
63269,75836,139105
81216,63786,145002
37205,2715,39920
6980,14257,21237
57823,8373,66196
16337,23439,39776
92572,7868,100440
38522,70082,108604
49118,48085,97203
67640,1630,69270
9587,52283,61870
52619,48955,101574
93369,81026,174395
61618,68799,130417
31589,2908,34497
5910,7108,13018
16585,57001,73586
17024,66257,83281
37887,99714,137601
38464,70751,109215
80321,14295,94616
64349,19985,84334
13280,4096,17376
58372,65336,123708
38599,6245,44844
86030,82337,168367
71619,35552,107171
70605,36858,107463
71679,48293,119972
10849,20155,31004
81812,73160,154972
77473,2000,79473
15699,6722,22421
6016,91927,97943
10550,95546,106096
74849,50760,125609
38218,36160,74378
11025,87379,98404
8511,57297,65808
81735,61339,143074
82139,64466,146605
60145,69492,129637
15944,35111,51055
85931,82812,168743
16188,81993,98181
78184,59422,137606
4517,10658,15175
16793,21868,38661
3504,43685,47189
65401,69979,135380
5105,92828,97933
35631,50942,86573
54853,66633,121486
84289,99101,183390
91124,73682,164806
37934,50616,88550
15217,65954,81171
45901,94401,140302
14552,92122,106674
43796,95104,138900
79248,13833,93081
9585,21257,30842
62245,22414,84659
11444,54494,65938
87625,99563,187188
17775,80410,98185
24790,77425,102215
32023,34983,67006
80716,71964,152680
51857,46562,98419
32497,13081,45578
90274,49491,139765
83476,2357,85833
23156,36410,59566
37740,773,38513
24922,75596,100518
47153,34386,81539
88499,89169,177668
23743,35751,59494
34600,52064,86664
54177,59429,113606
66399,61229,127628
75843,4680,80523
47870,41070,88940
97234,48157,145391
9226,79899,89125
62339,25339,87678
38764,55740,94504
18344,30049,48393
53626,86881,140507
42299,34754,77053
7237,9141,16378
86378,26281,112659
97679,68592,166271
11083,30475,41558
26122,60508,86630
41374,31518,72892
4482,46033,50515
90561,68927,159488
65001,25147,90148
83262,99195,182457
95895,60527,156422
24812,40222,65034
17704,89586,107290
65983,52654,118637
6801,34463,41264
44641,95977,140618
82120,79576,161696
35614,51615,87229
35815,74319,110134
54302,76356,130658
4552,21441,25993
27744,63607,91351
88768,32228,120996
78430,28201,106631
79738,5683,85421
42218,26214,68432
61982,97466,159448
33744,25847,59591
96850,21119,117969
57859,28859,86718
65868,68776,134644
81190,72140,153330
425,22234,22659
83339,74825,158164
68696,3307,72003
6486,53587,60073
36204,48293,84497
81157,74010,155167
13419,52703,66122
8405,3745,12150
93810,42751,136561
52243,11027,63270
41551,51660,93211
39239,40506,79745
46988,63790,110778
21350,57510,78860
16050,53023,69073
90826,40525,131351
21509,88619,110128
88210,91385,179595
80333,80049,160382
57732,32880,90612
64943,73141,138084
84115,64758,148873
62281,20396,82677
96359,71300,167659
61896,51599,113495
89700,55020,144720
13791,10862,24653
89891,66810,156701
23975,57326,81301
19190,85856,105046
39570,87412,126982
89624,53075,142699
43203,99445,142648
69587,50974,120561
88754,88453,177207
7399,45725,53124
92394,54963,147357
3713,26804,30517
79841,21266,101107
61356,35514,96870
34495,94511,129006
59185,11134,70319
33726,85653,119379
39586,63156,102742
78532,48570,127102
62200,69584,131784
88031,22698,110729
40188,59786,99974
95422,68261,163683
19400,48632,68032
71092,64036,135128
30141,47205,77346
56640,67323,123963
44675,83399,128074
29284,22253,51537
31437,83324,114761
50679,25357,76036
11162,75072,86234
53989,65965,119954
94235,70613,164848
74916,32272,107188
18305,23930,42235
58245,8184,66429
7518,37820,45338
36586,15129,51715
18559,6500,25059
49763,85590,135353
27783,34933,62716
868,12426,13294
2101,17147,19248
55283,18734,74017
41239,70720,111959
56783,60123,116906
56773,94350,151123
55216,69889,125105
63148,86813,149961
83986,5726,89712
59263,78547,137810
56374,4948,61322
96197,56366,152563
37087,29110,66197
58700,69615,128315
92153,86707,178860
11906,62574,74480
75077,34969,110046
50454,55150,105604
13098,78565,91663
70502,22590,93092
68119,46460,114579
74837,11533,86370
28193,17405,45598
52413,74549,126962
7045,91832,98877
93401,22307,115708
82248,34755,117003
16575,66751,83326
89430,67459,156889
57144,89813,146957
18243,73695,91938
77635,49913,127548
70079,8300,78379
66758,30925,97683
6331,802,7133
98383,57208,155591
87462,21813,109275
81738,2074,83812
4488,77321,81809
89306,63825,153131
13758,25285,39043
97712,50303,148015
58018,98970,156988
38743,13699,52442
22463,22982,45445
42469,55773,98242
39432,1094,40526
36561,29840,66401
77885,85922,163807
49628,98123,147751
68405,99722,168127
81359,45970,127329
45263,79986,125249
25460,53597,79057
26484,80958,107442
79610,8587,88197
44161,62388,106549
68239,34265,102504
37615,15255,52870
66105,35630,101735
95471,5108,100579
37240,50475,87715
29070,39925,68995
93967,53987,147954
39932,77653,117585
2428,45484,47912
85751,81300,167051
4429,64463,68892
47756,10279,58035
88039,8558,96597
3977,88621,92598
32959,95721,128680
53309,16200,69509
79200,7104,86304
26479,74803,101282
85238,96845,182083
60359,77110,137469
91129,57028,148157
27602,46578,74180
38057,42551,80608
4582,35769,40351
23554,45921,69475
11591,24608,36199
39733,92117,131850
37647,96768,134415
63375,6249,69624
97306,71353,168659
94149,19821,113970
63152,27640,90792
25308,51226,76534
73939,49470,123409
27604,82068,109672
47729,41549,89278
12924,73753,86677
19715,26548,46263
17659,99896,117555
29066,45544,74610
24580,76347,100927
4460,15445,19905
33813,91775,125588
21690,49400,71090
82761,35023,117784
4639,69151,73790
8911,42285,51196
543,93319,93862
11099,87973,99072
68381,1891,70272
13853,79316,93169
41080,12727,53807
12628,65219,77847
49539,13904,63443
96126,14137,110263
61456,16333,77789
28016,72774,100790
21825,9325,31150
53349,21828,75177
60839,49577,110416
5563,4916,10479
86428,68104,154532
50404,11754,62158
63140,42758,105898
48773,53359,102132
47525,78146,125671
94136,88710,182846
147,35190,35337
22574,18369,40943
43859,1605,45464
91287,60207,151494
52077,20714,72791
86437,63416,149853
1385,75649,77034
67991,20583,88574
84259,30185,114444
32619,32658,65277
97525,15206,112731
72820,16457,89277
13358,30780,44138
7171,82112,89283
6943,19841,26784
23964,76517,100481
70908,36893,107801
54484,32872,87356
98676,97315,195991
66665,53910,120575
67631,1764,69395
72087,75860,147947
12362,43203,55565
99878,83267,183145
3878,93472,97350
43862,29428,73290
19593,97252,116845
41964,80963,122927
93299,31011,124310
43825,93828,137653
12207,88231,100438
93634,93036,186670
79474,82926,162400
3210,76302,79512
18328,81719,100047
15822,31247,47069
43484,76998,120482
12605,10683,23288
84060,18197,102257
17067,68834,85901
79990,90438,170428
3808,46421,50229
9519,67836,77355
70822,43406,114228
88047,92042,180089
29691,60933,90624
66769,64707,131476
86170,21142,107312
74979,52871,127850
35600,3596,39196
39300,35726,75026
40191,54496,94687
71030,23857,94887
29605,26252,55857
48851,53423,102274
18519,31989,50508
42988,32386,75374
62925,76157,139082
24007,31914,55921
97235,71642,168877
13391,28538,41929
3925,40122,44047
42350,66100,108450
36435,46,36481
71406,62370,133776
55387,29107,84494
13004,27639,40643
63706,77455,141161
60501,46129,106630
11920,97269,109189
6006,14642,20648
7152,15383,22535
90738,5932,96670
67287,67677,134964
88068,71687,159755
53595,60152,113747
7461,36172,43633
86726,10763,97489
41069,97800,138869
94248,9229,103477
31041,52308,83349
4904,65676,70580
59368,17774,77142
90098,23788,113886
27956,88341,116297
9655,38754,48409
61508,29075,90583
7832,43919,51751
51827,10312,62139
3793,72832,76625
38600,77035,115635
44734,56764,101498
81419,26175,107594
5977,96206,102183
34898,7303,42201
82995,21298,104293
18293,47393,65686
38673,42169,80842
84101,66788,150889
47238,59573,106811
19252,89849,109101
48886,27492,76378
37888,43350,81238
85536,32950,118486
36997,5330,42327
85677,95329,181006
91152,73003,164155
36406,15365,51771
29171,33081,62252
31216,27169,58385
57509,58863,116372
80501,74179,154680
50382,95891,146273
63032,47554,110586
23032,92667,115699
36901,75249,112150
10311,18871,29182
54603,62119,116722
42409,4741,47150
41789,1132,42921
61832,49953,111785
66428,36671,103099
26571,31189,57760
89224,27731,116955
69824,80027,149851
23220,76971,100191
82152,67396,149548
51964,20694,72658
18172,50727,68899
45061,2026,47087
44495,52004,96499
33119,13744,46863
85644,18834,104478
65326,20415,85741
31936,34105,66041
13461,5320,18781
42854,3644,46498
29277,70975,100252
37868,47636,85504
7116,12732,19848
8308,98912,107220
49415,93075,142490
3042,52334,55376
49843,74374,124217
4999,40094,45093
55031,53310,108341
12292,1275,13567
94311,35172,129483
44358,27366,71724
63404,14309,77713
14349,11629,25978
40149,38851,79000
86842,35030,121872
1215,41513,42728
85552,43126,128678
87965,43959,131924
19677,8445,28122
35992,81127,117119
6788,98305,105093
74893,75061,149954
3032,79750,82782
93183,61432,154615
92844,78704,171548
59671,11792,71463
82240,68925,151165
91410,35807,127217
1370,75272,76642
29538,73643,103181
32471,33026,65497
40105,32849,72954
13749,3539,17288
28477,75652,104129
32065,80885,112950
46240,88155,134395
45665,52660,98325
24574,86104,110678
44591,82982,127573
9273,13817,23090
13711,84644,98355
62512,79694,142206
62325,25575,87900
41932,50565,92497
11977,76239,88216
82185,77980,160165
1745,73798,75543
41040,86286,127326
80707,6755,87462
91136,49267,140403
18206,32097,50303
33601,55346,88947
87120,62049,149169
87137,59305,146442
34332,81548,115880
37408,72372,109780
22848,56605,79453
6048,27532,33580
58209,45941,104150
93698,24884,118582
96628,66472,163100
61624,42527,104151
38449,29090,67539
24649,73038,97687
74449,4394,78843
81453,687,82140
98950,74352,173302
39203,86175,125378
3309,68138,71447
51858,92716,144574
95439,30974,126413
83151,25576,108727
22005,34395,56400
90640,88383,179023
68610,4822,73432
96330,38882,135212
23405,1851,25256
52951,15783,68734
94790,98038,192828
44931,69985,114916
57021,90242,147263
57201,76894,134095
10250,43813,54063
24954,95107,120061
21910,42601,64511
77244,80826,158070
33066,35591,68657
79698,82717,162415
35611,46612,82223
93373,31959,125332
70027,73670,143697
27232,55032,82264
45430,66204,111634
85305,59702,145007
58082,94380,152462
41036,49198,90234
11405,41104,52509
1978,37351,39329
91652,57521,149173
74391,39510,113901
7654,65533,73187
4231,28620,32851
22116,72014,94130
60514,21421,81935
93862,77804,171666
35633,84589,120222
63415,40589,104004
79434,97847,177281
16598,95843,112441
52790,93030,145820
11749,73409,85158
19516,54184,73700
86060,34345,120405
36977,51897,88874
61322,2296,63618
21921,49547,71468
62420,86072,148492
21159,55812,76971
5726,10567,16293
95440,19082,114522
75337,3116,78453
88130,86312,174442
67192,65475,132667
97231,56074,153305
25280,16632,41912
43559,95180,138739
75713,86043,161756
5637,51390,57027
41471,90971,132442
19673,98257,117930
11224,90042,101266
97876,48584,146460
98517,18485,117002
95495,73113,168608
33502,93982,127484
55885,32385,88270
60937,15291,76228
46209,28495,74704
47239,28311,75550
46951,95700,142651
15447,60050,75497
29711,37101,66812
91011,83979,174990
39166,40693,79859
13427,26747,40174
60157,27933,88090
75820,88377,164197
53913,51717,105630
74318,90484,164802
4307,47494,51801
22753,89071,111824
70906,19364,90270
26665,64877,91542
99241,69768,169009
44005,61896,105901
10009,12784,22793
66169,31939,98108
95546,10343,105889
92537,39747,132284
31914,6514,38428
36098,16,36114
19911,76543,96454
99673,77707,177380
52054,9855,61909
59862,56546,116408
88671,50214,138885
58457,78744,137201
17183,94545,111728
51160,15780,66940
29603,19390,48993
29724,29205,58929
99780,22436,122216
6031,38983,45014
52587,92603,145190
74388,39084,113472
58675,28583,87258
66797,90727,157524
3446,31173,34619
15192,94910,110102
41293,33442,74735
38281,39873,78154
84951,69866,154817
82866,6895,89761
34693,63605,98298
24973,5648,30621
65828,36142,101970
12746,19812,32558
14996,84123,99119
86074,73261,159335
31396,57836,89232
28074,72468,100542
14704,46690,61394
14856,38447,53303
37224,58804,96028
37067,72673,109740
564,17539,18103
47948,29735,77683
69807,66851,136658
93792,9251,103043
3111,13658,16769
3354,84237,87591
69665,27375,97040
27816,2485,30301
49566,15011,64577
71920,72404,144324
15959,16617,32576
72723,80321,153044
4342,85018,89360
66804,80162,146966
49712,82680,132392
72431,55054,127485
29914,89813,119727
67810,7525,75335
45846,22670,68516
98176,52938,151114
2429,58931,61360
45070,82404,127474
18296,62468,80764
20404,52491,72895
56110,82154,138264
35027,42394,77421
76144,56619,132763
13126,85266,98392
10353,47328,57681
59727,32980,92707
21169,5358,26527
28116,86306,114422
36579,95265,131844
86182,95014,181196
28394,69590,97984
84292,79137,163429
47355,2782,50137
30735,31946,62681
12316,1489,13805
43867,87744,131611
105,19541,19646
88918,72380,161298
33249,98606,131855
73819,63637,137456
73907,67028,140935
90726,7829,98555
22695,48499,71194
36358,66115,102473
98937,99894,198831
15783,78487,94270
64572,84351,148923
53114,66437,119551
86505,47521,134026
97047,26496,123543
70806,79165,149971
98436,20231,118667
26710,12109,38819
22225,49217,71442
43763,47732,91495
43222,43622,86844
95151,61793,156944
94558,27571,122129
13412,98574,111986
62342,79633,141975
7277,22883,30160
47939,91849,139788
30856,42652,73508
7710,19532,27242
54820,1722,56542
71758,75825,147583
6658,26616,33274
79873,16523,96396
86069,40231,126300
24413,45025,69438
30460,39079,69539
3489,78372,81861
11169,61368,72537
49440,497,49937
40051,53574,93625
94486,58525,153011
25902,39422,65324
11725,57869,69594
16450,3486,19936
90864,88401,179265
32647,95265,127912
34226,39163,73389
99808,38687,138495
30969,94265,125234
22069,83636,105705
58805,56951,115756
87755,53307,141062
24673,19546,44219
59593,60254,119847
38123,82610,120733
2258,94744,97002
65147,89289,154436
37676,14324,52000
74454,25317,99771
94493,13217,107710
20869,451,21320
77309,7528,84837
34767,30478,65245
71391,62153,133544
79831,96499,176330
95359,27836,123195
19951,47339,67290
27234,38712,65946
35282,55158,90440
82117,24885,107002
63439,47146,110585
91545,48613,140158
91971,29469,121440
18276,47014,65290
533,50956,51489
16692,46400,63092
56518,80822,137340
21328,17386,38714
52802,42266,95068
30979,67522,98501
24315,25807,50122
41011,34748,75759
92887,49703,142590
22557,6141,28698
91681,29917,121598
65423,88432,153855
63633,38943,102576
97286,94251,191537
22045,40950,62995
35386,75582,110968
52570,94966,147536
6169,12895,19064
27894,53623,81517
91996,88330,180326
46653,85293,131946
96159,81071,177230
77710,41263,118973
31523,95320,126843
16172,11001,27173
31342,18440,49782
10550,14795,25345
90847,94874,185721
66856,99562,166418
75497,27092,102589
75502,55108,130610
95126,69542,164668
62865,59320,122185
96774,19206,115980
97082,9009,106091
28881,83900,112781
65810,59061,124871
66501,40878,107379
76840,63687,140527
74487,79207,153694
29496,8224,37720
67135,42784,109919
29374,70284,99658
46816,18695,65511
67101,74095,141196
85814,29893,115707
18232,76653,94885
63963,4987,68950
90090,54024,144114
9086,1903,10989
59670,70473,130143
2226,24133,26359
63039,22782,85821
10383,39892,50275
57042,87307,144349
95579,51417,146996
20129,77457,97586
52185,60355,112540
63814,84120,147934
17827,82354,100181
91708,57552,149260
10216,41217,51433
92578,13400,105978
55318,26747,82065
52067,18221,70288
85616,5819,91435
54597,15919,70516
65048,39548,104596
9911,38305,48216
97360,17827,115187
55216,3032,58248
30787,31977,62764
44633,11960,56593
49654,98868,148522
32912,34932,67844
85047,98092,183139
93616,86639,180255
10203,73058,83261
23520,1035,24555
20434,98675,119109
49349,78893,128242
62903,7148,70051
76378,98844,175222
29058,90473,119531
52754,88561,141315
45965,38592,84557
83469,15527,98996
31783,2468,34251
80064,27603,107667
71187,54593,125780
48856,25052,73908
29935,32941,62876
81378,55072,136450
16026,69915,85941
82399,71277,153676
51840,58207,110047
27067,86152,113219
13646,66119,79765
5295,70227,75522
85332,30119,115451
42142,1284,43426
46824,65683,112507
22394,40116,62510
75478,44005,119483
96437,98638,195075
38489,42819,81308
44888,52615,97503
99363,74659,174022
46528,48193,94721
97365,67573,164938
59728,98215,157943
52251,62687,114938
34831,98378,133209
90852,61795,152647
12839,37994,50833
15266,71016,86282
78886,10872,89758
45677,74942,120619
23578,62671,86249
41120,80276,121396
88274,90042,178316
88346,29190,117536
93964,97344,191308
29971,88440,118411
97122,23782,120904
38333,72372,110705
72728,54257,126985
49795,69746,119541
45970,28023,73993
23909,19228,43137
5108,40711,45819
54769,88652,143421
59266,30099,89365
49325,27001,76326
44966,50812,95778
25214,67766,92980
86072,79363,165435
13185,11614,24799
33817,96718,130535
14210,5270,19480
55559,71373,126932
2151,70541,72692
41371,50742,92113
34148,79821,113969
11375,82193,93568
79016,69828,148844
66200,78296,144496
24638,8098,32736
902,42199,43101
85338,50114,135452
69433,43193,112626
42810,16222,59032
90340,17113,107453
4818,8025,12843
96828,8040,104868
77422,61427,138849
28419,569,28988
29469,44069,73538
42449,76834,119283
60214,73884,134098
6898,75927,82825
49060,60797,109857
59439,15832,75271
78393,67194,145587
6253,90275,96528
82476,62246,144722
87349,87256,174605
50598,41125,91723
23083,19253,42336
94917,44022,138939
40692,48496,89188
75537,34787,110324
44202,18132,62334
81166,78649,159815
22865,8733,31598
80020,69962,149982
60607,88255,148862
11238,17483,28721
65770,11905,77675
74520,55529,130049
451,8332,8783
39596,65148,104744
88319,30720,119039
64389,84810,149199
48655,19301,67956
33427,64201,97628
58642,57969,116611
85898,70300,156198
28407,16544,44951
78196,27385,105581
67530,35034,102564
59881,6623,66504
50780,33948,84728
14470,99960,114430
51635,7010,58645
88441,30248,118689
11464,7557,19021
39469,88640,128109
4748,99798,104546
46705,56757,103462
53737,79114,132851
99226,12266,111492
71976,26881,98857
59464,73795,133259
61707,12052,73759
82863,86430,169293
38078,69341,107419
97053,55519,152572
587,87791,88378
24179,74845,99024
39762,60815,100577
34656,25678,60334
3799,13713,17512
30260,10015,40275
13239,40986,54225
12073,57805,69878
83420,67543,150963
31013,26786,57799
79617,31752,111369
57637,90627,148264
65594,31922,97516
7001,66931,73932
76400,42520,118920
30110,25497,55607
79111,84006,163117
50508,85323,135831
18988,62586,81574
13094,25532,38626
64931,73951,138882
67443,4496,71939
15410,59388,74798
88030,91917,179947
22109,97131,119240
51159,35478,86637
12654,36393,49047
97791,67863,165654
14680,14193,28873
58637,55463,114100
44869,89220,134089
67017,79002,146019
30338,44669,75007
88562,8016,96578
783,70184,70967
5677,49803,55480
40910,40866,81776
32524,66261,98785
14817,28983,43800
40264,20618,60882
99641,96430,196071
15931,46377,62308
55505,47074,102579
72019,76696,148715
92043,31464,123507
44843,4895,49738
14228,89725,103953
9319,9709,19028
66736,67185,133921
17531,71485,89016
76641,37950,114591
65901,23426,89327
64921,80239,145160
2776,68462,71238
95109,92430,187539
61514,93192,154706
39176,76540,115716
42427,1630,44057
10323,10134,20457
3213,34183,37396
97482,96638,194120
33484,8347,41831
88112,46142,134254
56536,29517,86053
73135,4243,77378
99247,55243,154490
85110,69276,154386
61410,96209,157619
97079,22387,119466
97195,93010,190205
36208,89620,125828
22440,14640,37080
81578,40514,122092
42998,70148,113146
45862,11174,57036
90534,93938,184472
81403,60243,141646
68984,5617,74601
15085,57237,72322
67267,96391,163658
34178,5342,39520
70986,53768,124754
12285,48591,60876
27681,28802,56483
93661,35876,129537
3389,52418,55807
29280,88682,117962
68423,70669,139092
34157,56018,90175
59515,68785,128300
34147,89623,123770
52401,74252,126653
10862,46563,57425
77941,14330,92271
4021,938,4959
87446,3689,91135
61997,30863,92860
38720,81049,119769
55221,51989,107210
53306,25148,78454
88530,64021,152551
66490,3888,70378
13551,23624,37175
60087,40633,100720
24146,6678,30824
76418,98769,175187
69721,43218,112939
55072,55927,110999
74030,89578,163608
18982,8127,27109
53435,34531,87966
6998,21980,28978
63498,47963,111461
14039,20437,34476
72851,38695,111546
10825,13961,24786
78439,75505,153944
91621,39524,131145
67520,54220,121740
16094,95887,111981
26334,7356,33690
5968,77452,83420
44805,79135,123940
773,22883,23656
84300,37868,122168
84163,63920,148083
28852,76080,104932
45993,61878,107871
58823,36662,95485
65946,94905,160851
23075,92847,115922
16805,23216,40021
45963,82580,128543
61245,93222,154467
92804,23449,116253
53683,67567,121250
71134,44026,115160
51268,82195,133463
71124,90115,161239
90541,36324,126865
30543,84877,115420
62015,92845,154860
46383,41049,87432
23181,79600,102781
42270,90982,133252
5201,75971,81172
77463,3544,81007
60889,40136,101025
78680,52373,131053
11489,43528,55017
2253,92669,94922
87354,12932,100286
49012,87807,136819
21745,91689,113434
96606,15757,112363
4580,54518,59098
23576,31459,55035
81511,24532,106043
94870,66203,161073
97052,21780,118832
36185,15535,51720
8300,36331,44631
86235,57548,143783
49555,57613,107168
37627,73148,110775
21035,70593,91628
98601,33450,132051
51750,48058,99808
41109,59935,101044
11086,59718,70804
97468,60073,157541
12928,84887,97815
34598,97817,132415
59613,61982,121595
50236,36718,86954
75760,58599,134359
75871,63205,139076
38581,92073,130654
4981,42574,47555
78829,60019,138848
57972,56959,114931
9034,77843,86877
36259,87006,123265
36378,37157,73535
52549,31617,84166
33463,96552,130015
51070,66014,117084
2811,84579,87390
9698,31268,40966
8954,15327,24281
34914,25141,60055
31818,4835,36653
17156,66922,84078
69884,90002,159886
615,79785,80400
41926,78054,119980
93243,2836,96079
75394,13028,88422
30463,94207,124670
32618,63104,95722
61643,95748,157391
23045,46041,69086
50492,57404,107896
93331,47954,141285
11533,5720,17253
36017,58650,94667
5797,10855,16652
64708,25136,89844
11475,5741,17216
20378,44800,65178
64905,66537,131442
14263,38411,52674
51654,57515,109169
21586,94870,116456
66545,90552,157097
82531,91499,174030
93032,18666,111698
11111,25728,36839
45688,32049,77737
95705,88454,184159
57664,77636,135300
88625,6342,94967
18334,56267,74601
19195,25544,44739
72211,41688,113899
50721,68422,119143
10600,8088,18688
52962,10839,63801
92601,93404,186005
6637,63403,70040
94203,56926,151129
5068,93224,98292
51634,65685,117319
85987,40489,126476
71183,10767,81950
97962,77044,175006
42186,58103,100289
29250,91479,120729
27714,34524,62238
33748,74651,108399
74025,7986,82011
38740,85287,124027
22308,69035,91343
5524,58143,63667
74267,72451,146718
62716,52580,115296
6901,99855,106756
87420,39143,126563
32722,11778,44500
599,71231,71830
41107,67792,108899
53160,24036,77196
23075,51460,74535
99386,20854,120240
20885,58738,79623
90687,7584,98271
51021,65168,116189
81144,42603,123747
22983,57321,80304
35351,22008,57359
11794,50,11844
14266,34395,48661
69286,44523,113809
66955,65160,132115
28301,16147,44448
89480,42294,131774
98936,7929,106865
27645,26016,53661
47202,17468,64670
85515,45509,131024
6658,83338,89996
50095,69846,119941
52151,82286,134437
52222,8988,61210
68558,49362,117920
26356,57034,83390
69145,62461,131606
80830,26499,107329
79234,71691,150925
98975,55398,154373
51503,15505,67008
51569,33382,84951
71771,77478,149249
27035,16916,43951
33558,56095,89653
42713,58533,101246
46556,65372,111928
66436,94711,161147
23640,83642,107282
76758,10543,87301
8799,70807,79606
74058,38390,112448
58171,87575,145746
15301,17702,33003
68732,31433,100165
29739,86409,116148
8601,49549,58150
67832,27010,94842
76251,83470,159721
3527,54267,57794
6885,93738,100623
96372,89856,186228
85058,9067,94125
11970,38883,50853
73407,22392,95799
88235,44768,133003
51513,16093,67606
43063,33904,76967
99577,65470,165047
89274,51581,140855
5363,96390,101753
93544,29909,123453
37483,89094,126577
31844,65322,97166
47764,27176,74940
24656,81328,105984
58827,69019,127846
495,60149,60644
91265,17645,108910
59702,83902,143604
25327,82202,107529
74344,76402,150746
37597,91851,129448
27789,41661,69450
85681,78587,164268
72376,21701,94077
73080,38570,111650
31328,87655,118983
416,36099,36515
6076,17021,23097
91955,41901,133856
54058,78337,132395
94941,99201,194142
24685,67294,91979
16263,41817,58080
23507,39979,63486
50323,76505,126828
87065,14655,101720
51649,73001,124650
30017,10459,40476
49847,82735,132582
78612,28435,107047
20549,71928,92477
69045,20135,89180
85501,37784,123285
16442,42582,59024
44520,76190,120710
67513,85138,152651
42164,57050,99214
68873,85901,154774
18065,80236,98301
733,3029,3762
12973,25191,38164
37773,62625,100398
80529,50051,130580
61313,69272,130585
90912,14244,105156
83021,5662,88683
5197,96050,101247
79683,23791,103474
25413,16306,41719
99436,21574,121010
71079,30824,101903
1944,99005,100949
95389,5007,100396
84536,60927,145463
31855,89868,121723
77024,81342,158366
81265,31883,113148
41301,44036,85337
78227,23583,101810
96275,4020,100295
93682,58022,151704
78458,11314,89772
86026,31066,117092
49356,62384,111740
50991,22424,73415
90502,360,90862
49914,13677,63591
54853,21104,75957
57,33915,33972
69967,30132,100099
28522,76303,104825
86964,61077,148041
90017,61794,151811
40928,69069,109997
19073,70802,89875
90934,50901,141835
53169,27567,80736
56550,67174,123724
26936,38649,65585
75245,25757,101002
61920,70723,132643
42278,83124,125402
4302,22729,27031
60868,84120,144988
3486,49791,53277
88368,29133,117501
24338,88236,112574
48428,68837,117265
69267,58387,127654
68948,87371,156319
85353,60053,145406
33730,93670,127400
6254,14196,20450
2700,32593,35293
87253,36965,124218
39095,75138,114233
71199,30033,101232
59535,39944,99479
19953,58622,78575
54094,56075,110169
42182,6994,49176
37631,98751,136382
25899,30769,56668
91225,34200,125425
76742,96049,172791
66676,24968,91644
15844,26667,42511
51419,91745,143164
94047,68269,162316
31369,27810,59179
53963,5555,59518
70204,58877,129081
5391,12498,17889
97706,74548,172254
60012,94042,154054
64750,78784,143534
93266,38345,131611
72160,10214,82374
62686,8141,70827
15623,79632,95255
74218,51454,125672
58296,33622,91918
14428,27236,41664
46075,72646,118721
11462,87195,98657
19442,56815,76257
8822,31212,40034
40318,22591,62909
560,86028,86588
13269,19048,32317
3404,62618,66022
51582,96964,148546
20818,23884,44702
13992,74356,88348
29455,71362,100817
53169,47217,100386
78839,82989,161828
60001,66934,126935
1333,8891,10224
9731,56576,66307
15306,33680,48986
68363,61321,129684
71668,12746,84414
91909,48319,140228
96873,33321,130194
79622,98468,178090
77826,3788,81614
93403,18065,111468
23782,60236,84018
70875,90656,161531
50910,5115,56025
34442,2496,36938
62471,45182,107653
56241,91623,147864
71832,79901,151733
12830,6630,19460
84339,60512,144851
14364,64630,78994
16142,65252,81394
24362,50147,74509
74742,53719,128461
53375,84524,137899
59680,99200,158880
74512,76755,151267
73025,45900,118925
65661,34417,100078
58915,98367,157282
50653,25115,75768
14641,10618,25259
14303,98015,112318
948,72949,73897
64638,62676,127314
92601,98302,190903
10513,93172,103685
52941,98704,151645
11524,93581,105105
41733,83613,125346
55062,63994,119056
72809,96811,169620
33590,4982,38572
62320,95469,157789
57267,89914,147181
3,18468,18471
14089,50608,64697
1263,36202,37465
53946,67136,121082
37469,89936,127405
46838,5032,51870
89036,90190,179226
97055,30019,127074
50666,43030,93696
16382,82096,98478
61209,84183,145392
54197,52263,106460
95014,5737,100751
39547,58616,98163
89625,46611,136236
87238,94424,181662
93378,76825,170203
58353,67708,126061
74869,98144,173013
19348,34216,53564
63721,47460,111181
54521,91274,145795
52612,88434,141046
91588,75509,167097
47773,89725,137498
73717,69944,143661
11612,80897,92509
91404,47917,139321
42288,75942,118230
447,4875,5322
25094,60098,85192
42940,92455,135395
62555,53424,115979
4444,50619,55063
73472,60336,133808
62227,78153,140380
83105,80577,163682
42018,67439,109457
25152,42413,67565
57452,91832,149284
76296,82788,159084
50088,39655,89743
63115,17827,80942
60717,40819,101536
87911,94778,182689
9112,58662,67774
145,73714,73859
47428,35540,82968
98262,2762,101024
86178,99013,185191
37067,22184,59251
38613,36905,75518
95300,55757,151057
35178,61471,96649
38120,22582,60702
84471,83669,168140
43576,1307,44883
2562,93209,95771
20454,8673,29127
85738,40119,125857
30244,56889,87133
50834,66909,117743
10448,15858,26306
56045,55643,111688
59847,37696,97543
76476,21324,97800
88316,90066,178382
4301,12535,16836
19226,44092,63318
14427,16735,31162
61516,91278,152794
34454,95286,129740
36728,57003,93731
57630,67859,125489
68772,47481,116253
17002,17067,34069
46552,60487,107039
93433,9502,102935
17249,47611,64860
51564,39996,91560
23480,50262,73742
86303,5212,91515
3518,82842,86360
81196,98601,179797
2124,95096,97220
20341,97389,117730
72537,58091,130628
13604,81644,95248
94277,10953,105230
90873,87769,178642
75776,41622,117398
93189,15919,109108
68205,88767,156972
55258,75805,131063
51872,72868,124740
35015,21475,56490
78455,17545,96000
87296,59734,147030
93198,41108,134306
28799,52205,81004
37429,5252,42681
18183,44822,63005
84439,76561,161000
52545,30673,83218
7235,70045,77280
20517,16452,36969
65510,72354,137864
1685,45351,47036
97737,82079,179816
17790,85959,103749
1693,82263,83956
60330,33212,93542
53547,14720,68267
28932,1989,30921
91655,85919,177574
37636,10069,47705
74731,75234,149965
95303,84507,179810
41232,74614,115846
53438,2841,56279
94438,35742,130180
22256,41772,64028
38269,15028,53297
20786,45217,66003
42994,72568,115562
39808,37908,77716
1770,86210,87980
36868,12671,49539
24740,26456,51196
50905,43511,94416
64177,67523,131700
89126,75319,164445
98097,7438,105535
19468,30733,50201
74144,62323,136467
68963,81527,150490
87799,79590,167389
11953,70128,82081
68600,13929,82529
66251,65623,131874
14193,85901,100094
73560,4597,78157
75722,43631,119353
96740,28619,125359
80743,73331,154074
78838,16743,95581
44203,49006,93209
67476,55016,122492
9257,34808,44065
49490,70806,120296
83705,19247,102952
59680,37640,97320
27434,54999,82433
20667,17586,38253
65630,90791,156421
19879,79580,99459
52317,99976,152293
74825,73390,148215
519,66659,67178
60160,87140,147300
90486,11166,101652
50114,69209,119323
59769,66685,126454
77267,49296,126563
20922,17756,38678
43608,2160,45768
25683,18937,44620
50314,61081,111395
98674,20069,118743
16973,5523,22496
66360,75505,141865
71245,18080,89325
67614,92659,160273
77975,18213,96188
74004,4285,78289
64002,87372,151374
43544,17074,60618
88089,396,88485
89169,88643,177812
9105,84784,93889
14100,51493,65593
6897,97109,104006
42510,51328,93838
79398,35442,114840
79259,20994,100253
78020,9577,87597
77242,73929,151171
14872,34987,49859
25128,139,25267
72100,86452,158552
88623,83140,171763
71044,153,71197
2017,41123,43140
81891,35746,117637
8919,89994,98913
7836,964,8800
31999,65134,97133
17943,22954,40897
62237,93105,155342
78346,77400,155746
53166,87992,141158
71524,37176,108700
60372,38187,98559
79268,11880,91148
73647,76681,150328
59755,37913,97668
53025,68741,121766
59697,97764,157461
11999,80968,92967
12298,10282,22580
91589,11065,102654
2184,21123,23307
63228,32484,95712
86299,6890,93189
214,47300,47514
25123,3726,28849
68140,45647,113787
19706,13076,32782
26521,63361,89882
88805,27388,116193
74329,97056,171385
38839,68492,107331
85266,95693,180959
9678,89400,99078
87770,5743,93513
98702,83869,182571
33814,98653,132467
70548,60187,130735
50820,51969,102789
26167,11897,38064
91722,73032,164754
23694,33152,56846
60339,7089,67428
13468,8210,21678
21608,58067,79675
49917,46112,96029
39660,73591,113251
90919,10544,101463
92564,20434,112998
24477,85312,109789
56705,75936,132641
68922,58255,127177
62190,88611,150801
85310,16323,101633
39213,90318,129531
13212,71810,85022
95333,42207,137540
68284,13085,81369
83761,28858,112619
98480,20758,119238
86232,40667,126899
85565,1421,86986
96757,96895,193652
17520,68172,85692
23998,72285,96283
21392,2383,23775
99094,8834,107928
40857,27498,68355
73081,75928,149009
15498,81893,97391
37210,67269,104479
74028,50381,124409
25477,22305,47782
93596,46264,139860
4556,51658,56214
81333,91200,172533
85437,93431,178868
87902,58610,146512
2451,719,3170
50816,71334,122150
64330,84944,149274
81868,66301,148169
37813,48436,86249
79256,94389,173645
24701,64271,88972
6224,33174,39398
1709,8023,9732
17316,54837,72153
62343,82169,144512
59281,35587,94868
2725,47212,49937
51433,64030,115463
61331,50474,111805
98795,97900,196695
17255,69683,86938
81911,76004,157915
64410,67444,131854
25726,12245,37971
73414,89518,162932
85399,80580,165979
1795,10472,12267
78006,80071,158077
22254,58383,80637
9538,69604,79142
44858,9285,54143
51223,68312,119535
22862,79867,102729
38975,78544,117519
12197,2407,14604
86649,85983,172632
74757,28570,103327
19252,52660,71912
38001,12354,50355
53345,754,54099
74912,78852,153764
73288,16324,89612
49084,23353,72437
9065,25908,34973
85485,12336,97821
4119,86329,90448
64054,83077,147131
4625,81429,86054
87467,13702,101169
82758,81976,164734
35353,25366,60719
4034,42553,46587
92048,56779,148827
58175,82374,140549
90178,97589,187767
95733,8960,104693
83107,60959,144066
71717,96398,168115
56858,73849,130707
15582,20995,36577
10245,67448,77693
70198,72384,142582
56343,49211,105554
14021,29808,43829
15307,85379,100686
92569,73581,166150
60963,82472,143435
79602,21749,101351
81967,17105,99072
39533,73322,112855
6162,20426,26588
75145,39454,114599
82211,68574,150785
18346,25837,44183
66362,63851,130213
71949,4812,76761
57302,82069,139371
44376,2986,47362
37526,31246,68772
49201,13606,62807
48940,66454,115394
80,17941,18021
61383,32142,93525
33585,53461,87046
40209,17747,57956
25783,73665,99448
48671,11307,59978
45904,43677,89581
4191,46612,50803
35713,3766,39479
79387,74121,153508
33904,14319,48223
8297,40664,48961
39547,86044,125591
76230,69535,145765
9458,30936,40394
37672,34765,72437
12262,16736,28998
58210,76754,134964
15704,59155,74859
71961,3866,75827
48632,32352,80984
45729,64051,109780
72859,22768,95627
50421,73677,124098
38710,78476,117186
21027,97514,118541
16332,85251,101583
6112,35366,41478
55166,19996,75162
18526,79502,98028
47511,85139,132650
42857,93864,136721
29521,12175,41696
63227,38215,101442
66902,39788,106690
31119,95588,126707
93873,79292,173165
84294,13226,97520
3121,7762,10883
66296,1219,67515
7184,66038,73222
15662,12499,28161
82595,24497,107092
90746,57319,148065
66218,30741,96959
99509,95489,194998
73405,65570,138975
39228,81099,120327
49705,51486,101191
42766,75456,118222
63377,32301,95678
34344,49997,84341
72876,20530,93406
56098,57721,113819
37414,3098,40512
4650,53071,57721
69016,53579,122595
24488,91179,115667
5549,23745,29294
86543,88391,174934
61826,51379,113205
15067,47225,62292
75572,97608,173180
54374,2855,57229
64502,93232,157734
81836,83098,164934
10267,19133,29400
48275,40715,88990
67199,6824,74023
14792,72495,87287
3230,78496,81726
68581,22272,90853
91205,66153,157358
51455,59860,111315
18245,20637,38882
74922,1144,76066
86006,88738,174744
70895,1406,72301
75522,54366,129888
61879,10113,71992
15083,93618,108701
96153,86331,182484
83153,76564,159717
3448,60499,63947
29271,99539,128810
41398,76188,117586
71006,3983,74989
43728,87607,131335
63011,17608,80619
31170,50197,81367
57334,4660,61994
54506,15331,69837
33752,77409,111161
91844,81591,173435
97866,4537,102403
84753,8969,93722
26064,22999,49063
76790,91378,168168
93948,72621,166569
60653,20028,80681
89809,67283,157092
61118,43638,104756
30622,60875,91497
76482,20614,97096
95795,45450,141245
19482,24981,44463
87755,82580,170335
34423,84836,119259
63086,54883,117969
22384,40564,62948
13062,9115,22177
4772,15935,20707
76485,81435,157920
82522,86230,168752
27090,54275,81365
22444,67030,89474
30419,19653,50072
5653,71367,77020
2553,94652,97205
13047,74312,87359
14421,49324,63745
43934,20268,64202
91115,22974,114089
89118,30068,119186
92667,52606,145273
87083,16921,104004
39290,14249,53539
6169,29902,36071
56214,35203,91417
99018,5179,104197
57655,95383,153038
93861,55403,149264
41868,13260,55128
30686,47533,78219
87090,14012,101102
95039,63747,158786
86947,71536,158483
58763,97602,156365
66348,71051,137399
39251,38323,77574
40260,91430,131690
51027,95864,146891
98824,92368,191192
3354,66374,69728
73018,93491,166509
29531,41367,70898
83894,70910,154804
14180,94698,108878
90466,58475,148941
76941,36976,113917
97459,21728,119187
93892,49136,143028
76891,51627,128518
54135,10846,64981
94676,21128,115804
23626,41879,65505
4982,25035,30017
31713,52302,84015
13505,67423,80928
11829,43619,55448
30651,56433,87084
98542,58904,157446
30422,87046,117468
22805,412,23217
1653,51292,52945
77876,77703,155579
57717,84066,141783
76438,22287,98725
85076,38126,123202
74639,68504,143143
60216,44622,104838
39793,7831,47624
34669,26811,61480
91982,38550,130532
4468,4894,9362
94511,241,94752
31244,97325,128569
6160,4335,10495
21694,80272,101966
97891,15546,113437
76632,34308,110940
15926,65366,81292
26695,11737,38432
33961,72921,106882
16756,26694,43450
65789,67221,133010
68002,86622,154624
26304,45532,71836
17107,65251,82358
1605,73215,74820
75590,88682,164272
23236,32560,55796
6634,48560,55194
22107,76229,98336
17964,65530,83494
58077,87891,145968
83590,8316,91906
33920,43477,77397
71554,31544,103098
38273,84477,122750
76377,56931,133308
53891,96400,150291
80691,15243,95934
42972,58187,101159
38678,50701,89379
60346,74651,134997
29350,84464,113814
58051,6373,64424
36237,70285,106522
14816,41467,56283
97484,23195,120679
22946,14796,37742
48023,80313,128336
29264,3744,33008
55579,32350,87929
78809,17832,96641
46881,96645,143526
1971,76389,78360
48193,78826,127019
51998,75507,127505
63914,72338,136252
75527,96187,171714
38985,10870,49855
533,50958,51491
36416,86927,123343
33813,56341,90154
61854,29950,91804
77687,27317,105004
50213,23026,73239
53534,4667,58201
50956,70380,121336
35546,59577,95123
18262,40261,58523
74511,30150,104661
94872,61015,155887
54402,84962,139364
30822,34026,64848
95562,5204,100766
71364,43516,114880
9308,62608,71916
45715,84082,129797
46984,94541,141525
19644,98353,117997
24557,67953,92510
61847,39414,101261
15604,75188,90792
86358,79287,165645
54794,26692,81486
88857,97792,186649
15756,85336,101092
41523,29111,70634
44015,55992,100007
55596,20342,75938
8034,80446,88480
21136,24623,45759
81375,21489,102864
19194,12356,31550
90485,17466,107951
62874,91248,154122
4641,86937,91578
82782,10820,93602
91409,27684,119093
32134,15365,47499
40812,2018,42830
5548,71776,77324
95676,77210,172886
17685,79818,97503
95383,25750,121133
93688,77596,171284
25653,26652,52305
78315,83891,162206
20128,3466,23594
19515,37209,56724
37325,88790,126115
88377,66663,155040
87370,93335,180705
17772,13576,31348
10422,62815,73237
49191,17599,66790
25163,88337,113500
74129,82516,156645
47919,26598,74517
4301,52104,56405
82411,2128,84539
13206,92649,105855
32176,70244,102420
16340,9348,25688
50115,6693,56808
21833,59652,81485
7973,82280,90253
52766,13713,66479
43683,8350,52033
46935,85581,132516
49867,43744,93611
33651,25915,59566
20163,91669,111832
94858,72924,167782
42179,52531,94710
60176,71535,131711
95833,82925,178758
99696,4988,104684
72643,17517,90160
47955,66170,114125
47602,45537,93139
18278,34881,53159
25757,27100,52857
27244,48811,76055
59455,3523,62978
9803,83267,93070
77813,35738,113551
69719,23687,93406
71796,74426,146222
85594,92574,178168
28375,52809,81184
67177,57533,124710
20592,99252,119844
18617,16873,35490
40564,46845,87409
99235,69144,168379
84595,25115,109710
48226,23320,71546
23996,94092,118088
19754,80825,100579
4576,74732,79308
38402,22637,61039
84660,68393,153053
25251,4875,30126
48880,68233,117113
58560,60216,118776
63585,85477,149062
10607,62286,72893
73601,80922,154523
37171,29196,66367
45595,63415,109010
16495,51660,68155
11703,26516,38219
65985,84405,150390
10926,9037,19963
94528,84378,178906
42307,23818,66125
87378,94457,181835
28627,28327,56954
207,70211,70418
59137,68624,127761
18845,91234,110079
78794,32283,111077
27058,99759,126817
74469,75387,149856
91553,63086,154639
3347,98769,102116
69873,50670,120543
54748,84740,139488
52274,42455,94729
60298,86384,146682
69853,60893,130746
24740,57056,81796
64440,75959,140399
59562,2364,61926
88542,1334,89876
10611,94341,104952
53151,70205,123356
47622,84474,132096
8699,88551,97250
97757,340,98097
68237,32914,101151
36495,75204,111699
28915,56641,85556
95426,38908,134334
74931,75351,150282
79915,69558,149473
50552,72709,123261
81037,10831,91868
25313,10937,36250
13679,6424,20103
55473,36137,91610
69760,29866,99626
50198,97543,147741
57387,80051,137438
99094,22718,121812
85629,635,86264
87967,97443,185410
89348,48110,137458
35839,7960,43799
7371,46055,53426
34718,58949,93667
20968,7054,28022
71359,8604,79963
29088,71701,100789
27753,16598,44351
78252,5918,84170
39839,36215,76054
59707,58406,118113
78163,28388,106551
92878,4745,97623
2160,8631,10791
77237,88074,165311
43250,18455,61705
56141,67727,123868
95769,95612,191381
85042,54309,139351
92685,42079,134764
35145,76907,112052
53360,20229,73589
52028,50213,102241
6484,49836,56320
6447,79377,85824
873,97661,98534
94840,74650,169490
103,24399,24502
12248,54363,66611
41975,829,42804
13305,25048,38353
90326,1850,92176
25579,83446,109025
70638,86826,157464
56708,86606,143314
76053,33218,109271
70377,56730,127107
21404,73343,94747
23256,21242,44498
89714,96387,186101
94186,85363,179549
65111,17465,82576
5274,66481,71755
31280,65684,96964
43142,50952,94094
11375,42836,54211
99588,78274,177862
5921,16034,21955
39204,38937,78141
99527,65803,165330
61316,87498,148814
1008,57956,58964
23446,51474,74920
69579,20550,90129
19234,66976,86210
62847,13685,76532
90456,56158,146614
94897,52652,147549
91127,70518,161645
42109,71828,113937
32317,62713,95030
67865,86488,154353
88414,15164,103578
40477,68502,108979
49347,73443,122790
74153,30377,104530
71124,94671,165795
7750,31630,39380
31329,73879,105208
17837,63646,81483
22481,47700,70181
79147,85203,164350
37446,40805,78251
35966,29903,65869
35580,33882,69462
87179,91072,178251
80864,40393,121257
46387,11018,57405
47395,9297,56692
32411,91311,123722
47942,47822,95764
20343,75535,95878
95502,48444,143946
20991,29163,50154
13216,63018,76234
57668,26196,83864
35961,40933,76894
4897,64892,69789
77353,63198,140551
55917,64612,120529
67961,49327,117288
48403,54798,103201
60922,98440,159362
93245,63443,156688
27117,18163,45280
92971,77012,169983
87113,68580,155693
1671,36008,37679
13809,67344,81153
43472,90238,133710
35315,39643,74958
96839,55178,152017
67967,19518,87485
7427,89680,97107
6786,46390,53176
58684,19502,78186
91034,63002,154036
90241,83263,173504
63637,5783,69420
19271,14451,33722
14885,76937,91822
24160,38341,62501
34658,98568,133226
73220,60064,133284
59544,89770,149314
33331,62654,95985
78371,23543,101914
41688,98014,139702
57501,55349,112850
23152,32262,55414
37780,51032,88812
63251,29613,92864
96484,87454,183938
65906,26863,92769
58366,48511,106877
71793,16061,87854
89261,40631,129892
44613,68164,112777
11729,21789,33518
41994,60888,102882
43326,45246,88572
29017,310,29327
16471,22430,38901
24191,33127,57318
3390,44228,47618
60019,98541,158560
75108,3922,79030
43383,67222,110605
15392,15960,31352
70074,69294,139368
98925,93920,192845
2241,59676,61917
92572,4692,97264
62540,71260,133800
40156,38939,79095
6693,60299,66992
51810,4425,56235
46343,20442,66785
16910,78581,95491
33778,59863,93641
53422,20513,73935
26965,7747,34712
51962,40378,92340
70930,44716,115646
81749,97097,178846
65760,7209,72969
1040,18322,19362
7872,40447,48319
70029,90007,160036
27658,85495,113153
10483,29546,40029
42562,56681,99243
39610,54541,94151
34319,22053,56372
97201,82770,179971
78226,97117,175343
49237,58802,108039
39450,92739,132189
75197,33246,108443
49140,33425,82565
66144,31262,97406
40047,24708,64755
55997,46480,102477
11436,47336,58772
87035,48272,135307
13582,32922,46504
64247,31475,95722
75433,80697,156130
41567,49611,91178
61326,9371,70697
26553,75581,102134
92793,41304,134097
7373,47554,54927
93152,43477,136629
23093,36764,59857
34673,26123,60796
76462,15370,91832
85987,98092,184079
28871,40685,69556
20140,44659,64799
22777,89539,112316
12919,52593,65512
71295,17719,89014
49997,67741,117738
13100,67312,80412
71567,97540,169107
21449,1704,23153
76468,32574,109042
27710,57945,85655
39906,26577,66483
56251,13023,69274
13311,7666,20977
55618,9574,65192
41398,24280,65678
39357,68983,108340
27157,96113,123270
17090,49810,66900
26043,73933,99976
58227,27084,85311
47070,96347,143417
81100,40204,121304
59516,1947,61463
12236,54677,66913
79700,51015,130715
33184,21291,54475
94563,66091,160654
7525,37950,45475
65505,80744,146249
75846,59288,135134
45215,18167,63382
70975,13824,84799
8309,5054,13363
63759,17400,81159
66444,24346,90790
83514,44765,128279
25045,54192,79237
67190,64109,131299
9341,75404,84745
50429,81053,131482
85211,12346,97557
47466,65480,112946
39365,77940,117305
89263,12080,101343
24340,99675,124015
7029,99861,106890
97987,98580,196567
75293,46813,122106
12546,4564,17110
47579,19293,66872
37327,80349,117676
75562,77219,152781
34469,87686,122155
30877,23061,53938
22763,80975,103738
80726,66857,147583
60097,19287,79384
36552,21535,58087
43765,13047,56812
40780,49995,90775
98703,58053,156756
99232,36574,135806
72545,65400,137945
83719,72705,156424
70399,17180,87579
658,79000,79658
10681,3361,14042
93511,18085,111596
38319,75144,113463
77798,61478,139276
37030,13161,50191
85849,49452,135301
99666,37188,136854
77661,98109,175770
41892,2834,44726
73135,80577,153712
16133,33110,49243
54004,98091,152095
19979,32083,52062
37145,55859,93004
2643,25728,28371
16617,17741,34358
97075,90279,187354
16995,40509,57504
22441,81799,104240
27018,95100,122118
74353,84945,159298
6860,3766,10626
51253,54749,106002
67306,74422,141728
42706,66288,108994
96793,42889,139682
9652,20237,29889
86315,20491,106806
10223,2554,12777
49358,12753,62111
33316,62036,95352
37007,2681,39688
20629,91023,111652
80200,15339,95539
80047,50692,130739
47235,74634,121869
97563,70541,168104
11171,12416,23587
66708,27369,94077
82890,92409,175299
7696,95674,103370
37974,61113,99087
18054,24754,42808
16852,18864,35716
71428,58144,129572
51023,5777,56800
90989,81037,172026
16454,71418,87872
78902,39999,118901
55571,1767,57338
17453,18708,36161
24209,93973,118182
44206,1988,46194
51729,94240,145969
57687,55079,112766
2601,37189,39790
2496,31320,33816
87494,97986,185480
58463,92452,150915
86536,266,86802
773,31624,32397
86286,18488,104774
10668,36682,47350
18589,88049,106638
96435,38973,135408
96786,80289,177075
62445,20214,82659
57213,54386,111599
14188,66735,80923
69062,50858,119920
43071,88588,131659
40408,16029,56437
86037,73213,159250
31449,85359,116808
97335,46349,143684
96226,90167,186393
34874,86165,121039
6558,80377,86935
81888,23228,105116
21410,54865,76275
59163,97091,156254
29903,96732,126635
8913,23942,32855
12354,88076,100430
17999,68857,86856
62141,96351,158492
53916,44400,98316
4542,78419,82961
94200,24214,118414
33069,91334,124403
87359,66945,154304
34865,73843,108708
8824,7763,16587
50472,65634,116106
63777,58177,121954
89613,52391,142004
38567,99762,138329
986,70369,71355
13102,52026,65128
76077,80428,156505
50822,66473,117295
20831,23941,44772
71855,35567,107422
61958,41521,103479
23236,3197,26433
61562,15768,77330
3300,15042,18342
46369,56222,102591
50228,41846,92074
23789,79792,103581
2389,346,2735
43436,11450,54886
66311,57631,123942
98764,17458,116222
80092,7138,87230
76808,84541,161349
37482,27542,65024
70395,30582,100977
85329,19181,104510
60289,4589,64878
98279,68342,166621
64982,7281,72263
21255,48714,69969
9692,54654,64346
25069,37834,62903
92107,22144,114251
19863,90028,109891
84964,54843,139807
91295,61905,153200
60171,62390,122561
8724,27361,36085
77105,23913,101018
97326,3363,100689
68674,14124,82798
3647,76007,79654
99283,60675,159958
48727,62826,111553
17963,57686,75649
55389,21882,77271
53791,7625,61416
95874,66188,162062
69854,66506,136360
56154,46106,102260
95748,31124,126872
59977,74949,134926
92103,50479,142582
56168,61300,117468
92379,28447,120826
1319,89386,90705
89248,8316,97564
32273,66275,98548
60083,1083,61166
40970,57726,98696
87831,59137,146968
41251,52869,94120
70187,58792,128979
32878,87548,120426
99452,21198,120650
42314,40137,82451
36215,36328,72543
35520,86337,121857
2366,27331,29697
45672,94922,140594
44689,37768,82457
35454,11981,47435
30685,24361,55046
23376,75644,99020
90616,62982,153598
56267,49371,105638
91145,91776,182921
83982,71505,155487
67280,50721,118001
32285,9748,42033
30793,22205,52998
99593,54248,153841
30248,69270,99518
31796,8718,40514
52030,96638,148668
3101,43224,46325
34184,2146,36330
36242,67608,103850
60309,65241,125550
88259,64481,152740
64689,37487,102176
34940,54893,89833
5180,81067,86247
68907,66268,135175
43988,74603,118591
99775,63223,162998
33262,98250,131512
16605,94162,110767
55278,94072,149350
85038,95213,180251
86542,98969,185511
653,43578,44231
87312,6,87318
90850,9514,100364
36598,10288,46886
89442,37952,127394
96287,52611,148898
9889,95426,105315
62701,26628,89329
85162,15365,100527
22802,77105,99907
70480,22110,92590
57734,46411,104145
28340,35904,64244
9732,24909,34641
87112,91214,178326
97874,89532,187406
2519,83510,86029
9758,98573,108331
53907,71166,125073
32020,37589,69609
66542,9192,75734
31372,829,32201
82056,50329,132385
38800,12731,51531
37129,47060,84189
46339,5726,52065
79576,62081,141657
87310,82727,170037
53246,92542,145788
22140,67890,90030
95630,85969,181599
10227,2357,12584
892,35122,36014
99221,73163,172384
95266,4839,100105
45748,39532,85280
27103,53682,80785
53591,44970,98561
52167,30381,82548
87846,71265,159111
53878,78080,131958
95813,51504,147317
3853,93401,97254
39493,68542,108035
24714,22298,47012
61031,13787,74818
82208,13243,95451
53046,20867,73913
7611,34163,41774
99659,9828,109487
23103,97513,120616
18224,40697,58921
37962,32543,70505
13307,16611,29918
24416,72485,96901
70346,79312,149658
3322,34094,37416
13092,20951,34043
60711,45178,105889
35206,46708,81914
66794,49947,116741
5891,95134,101025
95681,5483,101164
84908,8190,93098
14507,99862,114369
5828,15495,21323
64341,12324,76665
91931,87177,179108
73624,34401,108025
96542,86491,183033
23725,73444,97169
91166,24666,115832
28576,6332,34908
56071,51935,108006
16940,90924,107864
67215,70043,137258
87955,64677,152632
30471,73470,103941
29279,7819,37098
98644,99523,198167
59662,3715,63377
37380,88723,126103
69780,44227,114007
44158,69004,113162
28021,45709,73730
66161,41223,107384
87955,99674,187629
13706,69096,82802
88319,92230,180549
83877,17203,101080
84015,82955,166970
48678,81143,129821
91338,55229,146567
11416,11443,22859
4475,91357,95832
19956,6256,26212
46836,82916,129752
99119,85263,184382
92176,70013,162189
4674,83064,87738
76222,7343,83565
7811,73694,81505
27140,21687,48827
1106,55699,56805
50244,22490,72734
32957,37854,70811
42042,34133,76175
55612,80549,136161
42085,6582,48667
67572,81081,148653
39067,85610,124677
8059,19294,27353
36857,35731,72588
14281,5264,19545
12151,43758,55909
417,14326,14743
99318,64934,164252
93801,81678,175479
37098,41874,78972
40704,24434,65138
60093,66786,126879
42247,74575,116822
71853,16346,88199
91053,1268,92321
97259,78635,175894
84894,12609,97503
37712,63989,101701
95586,78580,174166
17690,64358,82048
51678,54978,106656
57120,69376,126496
8303,89789,98092
77692,68335,146027
84251,28718,112969
23499,61211,84710
1065,97991,99056
78313,44764,123077
4308,54192,58500
57991,81206,139197
27693,5499,33192
62876,20092,82968
13047,59619,72666
9720,35822,45542
72551,46844,119395
12766,36843,49609
31324,11196,42520
69374,53974,123348
71800,31818,103618
66581,74653,141234
39777,57035,96812
19272,14063,33335
75734,49342,125076
89027,65438,154465
78205,99676,177881
14564,82492,97056
17523,25105,42628
37270,91035,128305
70864,7419,78283
1049,88807,89856
80283,50689,130972
7482,10549,18031
48625,79847,128472
69402,90070,159472
85737,39330,125067
66783,83189,149972
3646,72616,76262
38688,65469,104157
80623,59925,140548
6595,17122,23717
13331,18302,31633
24560,45002,69562
95332,49105,144437
26770,45059,71829
21552,51076,72628
20696,17734,38430
65782,25912,91694
90710,12983,103693
70643,13818,84461
25448,68668,94116
2591,85020,87611
48704,45541,94245
24688,7508,32196
56330,52822,109152
73072,76213,149285
40371,91236,131607
77674,75036,152710
23666,84137,107803
79949,91693,171642
48419,76880,125299
57291,20590,77881
93646,29933,123579
81501,79175,160676
27879,30136,58015
91778,5920,97698
68193,48953,117146
45617,31091,76708
26054,67245,93299
3134,22201,25335
40631,4231,44862
56778,94381,151159
52895,69936,122831
52491,51910,104401
61070,28174,89244
49915,93752,143667
29010,21420,50430
82237,24424,106661
60689,88461,149150
60992,77792,138784
19120,90976,110096
14778,11755,26533
53929,37077,91006
67345,75607,142952
38144,618,38762
11486,41786,53272
69885,13236,83121
84598,33502,118100
79022,91330,170352
30275,44651,74926
2826,4702,7528
93425,14327,107752
48681,41421,90102
76626,83472,160098
35872,18896,54768
124,81531,81655
45017,74787,119804
68996,55086,124082
70398,47031,117429
92008,72565,164573
49105,29562,78667
15373,77858,93231
11866,3780,15646
58196,49590,107786
49369,23873,73242
64861,13118,77979
40397,25913,66310
2325,63057,65382
61370,58990,120360
32175,97801,129976
25991,52693,78684
33810,34058,67868
44899,94463,139362
2024,94901,96925
23647,97370,121017
17946,80214,98160
23271,18132,41403
20448,17212,37660
40653,45536,86189
65629,78534,144163
27016,74346,101362
99553,93353,192906
52789,21181,73970
53249,87611,140860
35853,19631,55484
49893,41735,91628
41681,33228,74909
9184,25863,35047
16497,39739,56236
47779,59519,107298
83902,69154,153056
94944,60744,155688
39812,92643,132455
59412,18849,78261
19006,78975,97981
76163,27551,103714
88307,48403,136710
45373,10863,56236
56413,19222,75635
45249,21883,67132
5508,34214,39722
98955,70181,169136
97172,86809,183981
52241,70414,122655
99088,28909,127997
83333,9051,92384
13043,15750,28793
1293,21025,22318
19537,19962,39499
12853,96589,109442
56899,13624,70523
28978,18581,47559
73818,65904,139722
21758,80459,102217
61089,69568,130657
313,76227,76540
73312,97632,170944
858,51518,52376
2215,44389,46604
79041,36412,115453
68473,48742,117215
11921,55892,67813
11770,20284,32054
47647,48676,96323
15275,52949,68224
53267,4946,58213
76210,53302,129512
70595,84168,154763
51167,26350,77517
11717,41980,53697
72731,25756,98487
51649,60607,112256
21128,17889,39017
70691,56235,126926
97975,46261,144236
83595,97912,181507
81237,794,82031
93670,50034,143704
312,83671,83983
86420,29126,115546
69897,45394,115291
93978,69960,163938
88725,20500,109225
43290,74278,117568
88121,97105,185226
3182,867,4049
57066,76548,133614
72077,81419,153496
50476,11703,62179
97374,96206,193580
44188,19451,63639
29487,11820,41307
66084,16687,82771
41992,33489,75481
73693,23772,97465
51288,73777,125065
36971,8512,45483
16696,60507,77203
4273,78759,83032
87660,53511,141171
16706,53552,70258
17013,36008,53021
18617,99370,117987
86450,60825,147275
13548,42398,55946
80553,51236,131789
37377,13923,51300
16485,20797,37282
34169,46091,80260
56561,68577,125138
78083,33664,111747
88391,74604,162995
79731,58671,138402
45187,23154,68341
30126,31723,61849
45481,14161,59642
27536,99449,126985
53933,31528,85461
92552,55543,148095
19856,9414,29270
40978,21248,62226
46656,72608,119264
680,84635,85315
41362,36478,77840
94044,66335,160379
45096,33745,78841
28710,44186,72896
58316,40059,98375
98207,65485,163692
35545,54397,89942
37415,79052,116467
26600,34594,61194
1281,50578,51859
74997,42775,117772
34498,70131,104629
46813,27254,74067
47406,67205,114611
71870,93954,165824
22491,81187,103678
13768,38850,52618
17803,90445,108248
63112,53957,117069
17434,13533,30967
48759,17959,66718
98138,29370,127508
8349,19938,28287
90696,28794,119490
15570,34803,50373
75713,6607,82320
62519,75983,138502
12601,16674,29275
31666,30471,62137
56972,3734,60706
37037,11403,48440
97861,64061,161922
46440,93056,139496
5361,28437,33798
95584,64030,159614
5002,96125,101127
59178,49173,108351
33086,2916,36002
39452,72392,111844
71501,76343,147844
73226,59726,132952
93116,62123,155239
67579,59538,127117
17662,55124,72786
78681,1847,80528
37500,82980,120480
58474,91755,150229
50566,49127,99693
48163,12964,61127
59297,42867,102164
48909,88129,137038
96082,97125,193207
15262,36545,51807
70868,32929,103797
91004,70774,161778
10968,37161,48129
35206,68871,104077
53267,67382,120649
78875,37112,115987
75255,76054,151309
15861,89722,105583
99733,94870,194603
40384,34348,74732
52905,91421,144326
66533,70306,136839
15472,56711,72183
6933,67811,74744
79161,60182,139343
57939,7901,65840
61670,63675,125345
73123,99390,172513
35709,79765,115474
72548,51008,123556
77384,28801,106185
56005,16115,72120
80023,30951,110974
8938,29455,38393
55756,36380,92136
1449,413,1862
14123,86150,100273
76063,89873,165936
17251,44655,61906
95737,43783,139520
47245,51912,99157
86517,15646,102163
59302,23583,82885
87284,7683,94967
64619,1536,66155
14610,90963,105573
31926,98581,130507
25968,7977,33945
23594,93713,117307
94577,26533,121110
35148,1973,37121
11537,35536,47073
54709,72484,127193
77198,18865,96063
27083,97342,124425
13650,60276,73926
11308,35786,47094
31578,60123,91701
8859,24157,33016
27383,97258,124641
40132,71383,111515
89091,90425,179516
45599,97345,142944
56796,90524,147320
87777,6880,94657
58751,22037,80788
25647,66001,91648
89580,96653,186233
80435,12668,93103
16298,42960,59258
55465,20347,75812
62198,6534,68732
33987,89388,123375
82117,43990,126107
26702,38294,64996
91195,8491,99686
19713,91930,111643
43122,56942,100064
43313,58536,101849
70663,44356,115019
46210,69944,116154
90524,74156,164680
75145,95130,170275
10606,66905,77511
15611,41149,56760
91332,80733,172065
62650,46746,109396
79833,77666,157499
75283,55192,130475
79463,24345,103808
94282,58675,152957
37649,83232,120881
52235,49976,102211
22394,21143,43537
40837,92733,133570
89435,99891,189326
52471,37621,90092
63289,20074,83363
66424,79580,146004
80079,31940,112019
21997,95987,117984
34461,67116,101577
4360,99356,103716
34907,34868,69775
78852,63496,142348
2612,27479,30091
55040,83056,138096
34756,56664,91420
90142,60665,150807
64638,95285,159923
91408,70787,162195
955,65929,66884
99163,14934,114097
95632,61317,156949
56523,92153,148676
49978,37860,87838
29785,97480,127265
72133,29722,101855
95125,29509,124634
57271,85265,142536
20081,43936,64017
95939,78384,174323
97539,98072,195611
68847,21700,90547
42779,98742,141521
13816,85757,99573
33514,39130,72644
67847,24762,92609
735,48830,49565
19778,61181,80959
18849,97011,115860
85832,71399,157231
29097,62033,91130
87612,78058,165670
58878,48518,107396
83820,11866,95686
9000,78360,87360
15372,83655,99027
50631,99339,149970
53546,86705,140251
87211,99701,186912
50987,84474,135461
66247,74272,140519
8383,25193,33576
30997,45644,76641
75045,14299,89344
18463,79458,97921
83389,33630,117019
61253,76537,137790
25874,63089,88963
878,7592,8470
16585,40879,57464
19689,68720,88409
39567,21728,61295
99055,36746,135801
15600,9422,25022
56815,12844,69659
45426,64128,109554
98553,95474,194027
44520,20990,65510
36669,64632,101301
13843,73550,87393
10067,44382,54449
31631,11672,43303
22106,54493,76599
17401,3206,20607
46998,30490,77488
45461,32857,78318
2612,60589,63201
55244,20305,75549
28618,66687,95305
17569,62887,80456
16629,28014,44643
10055,40420,50475
72272,63738,136010
48611,35029,83640
10502,78559,89061
96483,38843,135326
82358,55321,137679
4129,53167,57296
13166,82768,95934
64624,87614,152238
78728,7529,86257
29073,88967,118040
32473,86169,118642
99317,36035,135352
14718,34630,49348
53343,6401,59744
89677,66694,156371
67447,19244,86691
4186,36464,40650
19289,14197,33486
22228,26977,49205
14967,72806,87773
97607,49546,147153
78284,20461,98745
74617,6454,81071
55351,85003,140354
62204,47229,109433
25687,55584,81271
63368,81443,144811
71798,95094,166892
35254,77897,113151
39457,7648,47105
88292,11445,99737
75682,38334,114016
23193,2963,26156
38835,36880,75715
47884,20509,68393
92266,74997,167263
70944,54088,125032
30794,99532,130326
65855,67886,133741
60372,24483,84855
78368,72753,151121
77346,48270,125616
91115,55736,146851
40433,83419,123852
47166,12758,59924
66428,841,67269
73811,20962,94773
82375,71808,154183
77175,41753,118928
9178,77925,87103
31789,10711,42500
75520,33676,109196
62538,83139,145677
74902,48616,123518
11058,96692,107750
55791,30112,85903
59868,97449,157317
49488,42936,92424
75364,81514,156878
16311,66296,82607
85138,65262,150400
55587,17564,73151
39370,65224,104594
28694,95297,123991
30030,23968,53998
29445,96156,125601
81280,28328,109608
40478,34296,74774
47194,13269,60463
79593,37524,117117
943,9618,10561
76366,95065,171431
37598,30812,68410
61924,97596,159520
54876,33317,88193
59885,11547,71432
74704,68249,142953
92718,82106,174824
41217,18411,59628
98435,9577,108012
86919,89914,176833
44678,80200,124878
67995,70417,138412
18746,74764,93510
68292,96815,165107
38586,43412,81998
51408,79463,130871
99795,61101,160896
25609,44361,69970
22853,25465,48318
10816,74353,85169
41485,52655,94140
15093,55433,70526
32632,59304,91936
70087,577,70664
81515,20415,101930
59882,82491,142373
89635,77752,167387
64396,47297,111693
56965,27232,84197
11459,88046,99505
14423,9072,23495
76758,39416,116174
60402,2622,63024
63409,13374,76783
77587,49982,127569
97554,64189,161743
72824,69464,142288
37161,73915,111076
31136,88273,119409
49573,53261,102834
55981,40035,96016
98764,48219,146983
2450,52222,54672
23881,5509,29390
43788,10602,54390
9933,75950,85883
92517,313,92830
72603,8449,81052
50229,47862,98091
56811,94108,150919
29254,96972,126226
84148,11473,95621
68707,15698,84405
68336,20785,89121
92965,66195,159160
20659,83315,103974
3541,69191,72732
45361,95305,140666
99699,45547,145246
17015,50500,67515
28056,85364,113420
21469,64106,85575
80795,68031,148826
35599,77596,113195
37236,62439,99675
88238,91822,180060
28323,78108,106431
34202,15474,49676
77707,15217,92924
9168,65939,75107
6360,24398,30758
4715,33753,38468
72666,89351,162017
36569,292,36861
41450,57183,98633
47987,40120,88107
41803,67164,108967
77497,2760,80257
85805,83913,169718
31190,16231,47421
77307,49389,126696
57205,46776,103981
65958,58741,124699
83006,86687,169693
84315,97825,182140
32100,51173,83273
56477,35605,92082
39893,22295,62188
42253,4315,46568
22114,66915,89029
5636,21385,27021
81891,26100,107991
15770,47470,63240
58994,46497,105491
95993,76180,172173
91229,64949,156178
44415,66021,110436
76355,33907,110262
43214,89111,132325
41172,64175,105347
89258,88257,177515
62994,66329,129323
51437,83361,134798
86706,60685,147391
65063,93462,158525
39070,22463,61533
76796,73001,149797
13730,54027,67757
27377,42331,69708
66218,93628,159846
75504,37778,113282
33889,38661,72550
51730,11079,62809
46698,2392,49090
13689,62635,76324
32089,62482,94571
46847,20386,67233
91066,49156,140222
70698,69299,139997
69331,32566,101897
84838,29134,113972
41915,49374,91289
97245,85776,183021
97324,30454,127778
24699,62119,86818
77104,44386,121490
44017,90886,134903
84474,62913,147387
51481,49031,100512
21625,20004,41629
77400,76971,154371
53619,3608,57227
95413,88306,183719
57159,58605,115764
22653,43987,66640
29146,24806,53952
45000,38416,83416
4588,95690,100278
91699,58796,150495
86976,97276,184252
56451,44070,100521
7272,11282,18554
21678,63136,84814
10114,33361,43475
89699,67923,157622
64995,63632,128627
37175,90227,127402
74678,44472,119150
5552,29028,34580
56173,7974,64147
68338,52561,120899
16378,75895,92273
20899,69417,90316
4745,5630,10375
19796,99935,119731
41156,30326,71482
64255,92938,157193
50305,96942,147247
63422,59449,122871
496,12152,12648
16802,71381,88183
58515,62192,120707
44877,66299,111176
61690,24253,85943
52851,10393,63244
9594,49321,58915
27544,58661,86205
83904,2905,86809
32585,94613,127198
21626,70142,91768
3522,35361,38883
85348,17796,103144
54902,91356,146258
34383,51570,85953
95391,21728,117119
85823,70454,156277
21275,28685,49960
60244,37390,97634
98030,59410,157440
44874,81381,126255
65978,57283,123261
16764,40903,57667
68091,19789,87880
69121,11734,80855
88704,7225,95929
37068,10425,47493
79432,93394,172826
1032,92326,93358
93146,15523,108669
61218,29336,90554
83019,10148,93167
77310,28088,105398
11192,28509,39701
90375,30683,121058
24826,53474,78300
1471,79442,80913
18278,71968,90246
1884,9186,11070
24636,47835,72471
12070,76815,88885
70909,56644,127553
72997,86029,159026
77928,51229,129157
23852,6579,30431
14393,75646,90039
78750,28527,107277
30175,79682,109857
44208,63556,107764
70353,23176,93529
52184,53123,105307
23744,30802,54546
53926,13306,67232
47800,61697,109497
37751,33871,71622
7813,43062,50875
14465,8248,22713
77321,42278,119599
75681,85289,160970
52539,23710,76249
79589,8107,87696
24595,78991,103586
48959,82071,131030
51280,73701,124981
38229,86726,124955
98869,22922,121791
27232,57571,84803
24178,99273,123451
2793,79965,82758
73819,31009,104828
48340,41370,89710
25942,37038,62980
64369,95161,159530
79841,26606,106447
80981,95748,176729
87716,86659,174375
84256,63024,147280
79478,62952,142430
65683,24065,89748
12291,37648,49939
69531,32285,101816
89267,31714,120981
10458,36743,47201
1353,47827,49180
87460,31565,119025
27012,39272,66284
87435,94089,181524
56765,80935,137700
69209,94892,164101
47055,30586,77641
80768,77904,158672
21212,40148,61360
96138,40186,136324
96776,92152,188928
77824,77544,155368
1892,42075,43967
21601,69896,91497
98678,267,98945
95428,76005,171433
71527,77006,148533
94283,27127,121410
47631,60558,108189
30682,22229,52911
17907,43864,61771
94990,42603,137593
1009,84545,85554
92791,72535,165326
88795,25248,114043
75432,42467,117899
30000,81236,111236
28985,28059,57044
81108,54011,135119
94938,12134,107072
48606,63016,111622
91068,59805,150873
21684,80033,101717
33704,41612,75316
30724,39780,70504
99672,3207,102879
15220,88520,103740
36197,8228,44425
41151,53924,95075
27756,23548,51304
22350,18915,41265
81086,89086,170172
81335,14605,95940
29686,32494,62180
20375,97524,117899
78233,81458,159691
83053,51492,134545
64794,49586,114380
20497,45654,66151
35807,12128,47935
83053,38154,121207
67514,5096,72610
89466,70557,160023
6683,18789,25472
67229,49553,116782
6530,46742,53272
47582,98378,145960
60298,27248,87546
95627,95333,190960
87639,30518,118157
88695,45495,134190
83044,32225,115269
90061,85308,175369
65707,62222,127929
20070,29335,49405
68558,75845,144403
11490,15424,26914
12460,9819,22279
52505,28516,81021
95298,73604,168902
65681,5433,71114
37066,30207,67273
50151,32088,82239
97486,4608,102094
70849,90457,161306
7645,9609,17254
88057,4775,92832
84692,24772,109464
31636,82683,114319
92260,60478,152738
98575,70151,168726
36989,31984,68973
49227,9400,58627
32406,67150,99556
78670,70979,149649
52746,75247,127993
30596,32817,63413
13938,26945,40883
39465,57730,97195
85590,39855,125445
10254,15346,25600
29532,1685,31217
92176,34014,126190
57068,72024,129092
33189,63259,96448
71214,22458,93672
62367,56505,118872
51637,81956,133593
92846,9043,101889
67838,73830,141668
32225,14916,47141
62165,1660,63825
51178,13212,64390
55186,81738,136924
23921,96757,120678
48184,61097,109281
40014,36777,76791
82584,62724,145308
16631,9464,26095
95710,94530,190240
47757,16006,63763
351,37966,38317
19947,24805,44752
68094,84815,152909
89954,2587,92541
26271,52006,78277
96576,39029,135605
8577,29041,37618
72472,49342,121814
98447,94612,193059
37398,15801,53199
94050,50141,144191
11278,39274,50552
75464,2026,77490
6102,61681,67783
66070,32923,98993
35996,48806,84802
3970,56326,60296
3407,97844,101251
28444,59514,87958
91900,39390,131290
11995,40834,52829
66893,86701,153594
22279,90714,112993
34118,30961,65079
34110,73575,107685
76529,33998,110527
85797,18264,104061
35060,58008,93068
8270,22346,30616
27852,93344,121196
2807,373,3180
67851,69763,137614
96429,83807,180236
54930,93862,148792
72324,96200,168524
14191,70851,85042
8183,52769,60952
84621,66315,150936
88163,75900,164063
67477,53361,120838
36208,76730,112938
63601,3886,67487
51430,94841,146271
91408,54150,145558
96503,6748,103251
8889,16642,25531
8762,91288,100050
45557,32968,78525
10522,74881,85403
89579,60240,149819
17624,11086,28710
85131,85254,170385
18351,13575,31926
85483,59213,144696
31331,65,31396
22668,86497,109165
54742,15215,69957
53755,51517,105272
74904,4370,79274
88906,30381,119287
68946,55683,124629
80037,8214,88251
35389,97268,132657
34085,90902,124987
81413,84920,166333
37974,93356,131330
8102,52204,60306
37201,25726,62927
43274,1253,44527
59378,65165,124543
75437,85072,160509
16772,93624,110396
58966,32521,91487
24290,97641,121931
15806,70865,86671
62638,39055,101693
45273,88170,133443
23908,48181,72089
84298,68370,152668
46938,49072,96010
49460,90075,139535
23265,34823,58088
88367,78777,167144
59256,67106,126362
12086,65400,77486
87996,469,88465
20736,39198,59934
63178,98462,161640
57318,61681,118999
38555,17801,56356
72717,80391,153108
7395,33883,41278
38006,67108,105114
55597,98443,154040
78521,60775,139296
21189,70238,91427
74821,28581,103402
19232,98638,117870
2163,85007,87170
35918,44156,80074
48436,27040,75476
62644,31326,93970
45433,34555,79988
46022,75294,121316
33975,13088,47063
74841,47707,122548
67967,52148,120115
20085,52669,72754
19434,17497,36931
22448,3463,25911
10783,21944,32727
37970,24903,62873
62629,53536,116165
34241,79900,114141
49639,71318,120957
63927,11864,75791
52597,14985,67582
82439,74371,156810
97607,91120,188727
92456,45572,138028
64454,63610,128064
38119,84728,122847
64043,53596,117639
96826,32933,129759
81480,57340,138820
47096,82729,129825
40093,21572,61665
61083,82318,143401
56385,34099,90484
11663,21965,33628
89426,49322,138748
70141,41903,112044
64792,78062,142854
33190,75086,108276
91754,15705,107459
75184,42038,117222
1771,75063,76834
5966,65403,71369
71243,84181,155424
68710,2517,71227
32072,35515,67587
46952,5704,52656
82739,2359,85098
38064,93099,131163
7949,77655,85604
30398,96359,126757
69243,55297,124540
3302,68595,71897
93696,99742,193438
90984,9069,100053
92536,47698,140234
6036,72467,78503
18928,25383,44311
27242,90966,118208
45359,33358,78717
63237,66608,129845
26010,23028,49038
94733,20294,115027
56215,38562,94777
70664,71312,141976
975,26750,27725
66995,252,67247
22687,94165,116852
91632,53857,145489
88149,90117,178266
75202,68546,143748
70131,97565,167696
3742,26676,30418
63396,36572,99968
24733,10976,35709
35261,57441,92702
71059,80207,151266
48232,74226,122458
28324,32090,60414
36651,25985,62636
14018,72163,86181
64433,35742,100175
763,24285,25048
52738,99636,152374
70537,5410,75947
6729,68928,75657
21788,39410,61198
75285,29885,105170
73405,17687,91092
31991,85019,117010
33727,21493,55220
94985,40399,135384
41972,67455,109427
84155,52425,136580
63806,22245,86051
56238,18510,74748
38956,89627,128583
9792,51984,61776
34474,49323,83797
1237,1183,2420
73960,44413,118373
83242,60104,143346
39639,35275,74914
66062,59330,125392
93830,11474,105304
35969,79159,115128
47320,72295,119615
37054,78499,115553
72150,7874,80024
41777,83591,125368
66822,51786,118608
9467,8616,18083
73068,91634,164702
60916,3806,64722
59900,9858,69758
94077,64058,158135
95166,64465,159631
83419,16752,100171
51877,6598,58475
88214,8029,96243
64383,67021,131404
27869,52954,80823
49048,47981,97029
71166,61717,132883
5723,50684,56407
50381,78739,129120
54056,36952,91008
84845,10292,95137
36643,21848,58491
32292,54337,86629
59298,49505,108803
82777,97810,180587
59921,87693,147614
77143,56955,134098
13434,45928,59362
29508,79500,109008
93469,22142,115611
79495,41040,120535
61284,47515,108799
66912,24003,90915
87227,16696,103923
14129,14223,28352
93577,21241,114818
87964,69887,157851
67209,50252,117461
51153,1521,52674
10770,61435,72205
40226,68784,109010
40392,58009,98401
57053,74498,131551
21088,88551,109639
18766,55243,74009
2470,83460,85930
89566,99320,188886
36158,17993,54151
37981,99880,137861
31742,54409,86151
12875,34485,47360
68097,88061,156158
96204,68372,164576
17205,20015,37220
97660,19707,117367
31149,68405,99554
64652,59908,124560
27836,35049,62885
22597,93445,116042
4277,95706,99983
12438,4156,16594
99703,94222,193925
3652,39911,43563
96459,44199,140658
19655,87944,107599
78001,66107,144108
38998,29705,68703
28364,33945,62309
28555,91296,119851
79362,71016,150378
56183,95747,151930
63529,73440,136969
8320,48910,57230
87424,526,87950
85250,31832,117082
7091,7223,14314
15050,54700,69750
37793,19122,56915
67416,6077,73493
40825,4044,44869
51300,84659,135959
11791,75904,87695
39243,58896,98139
24285,25960,50245
86409,27219,113628
69801,66483,136284
70073,37504,107577
90053,2,90055
19487,20636,40123
85434,70884,156318
25019,21739,46758
27903,60629,88532
59461,42298,101759
54500,6807,61307
33636,5045,38681
63783,84808,148591
54660,44690,99350
25872,38712,64584
55372,25718,81090
49947,58081,108028
40956,13102,54058
1692,45916,47608
36194,53665,89859
9695,94835,104530
89045,19555,108600
57606,69138,126744
24092,23875,47967
82653,44334,126987
91863,33166,125029
37957,7609,45566
28548,41354,69902
32176,24579,56755
78731,25470,104201
51182,58329,109511
41339,15640,56979
79720,67425,147145
33885,11968,45853
24179,22144,46323
21878,34591,56469
19448,38829,58277
40357,39627,79984
82322,3455,85777
87445,63907,151352
69453,15853,85306
13234,36033,49267
39487,16742,56229
38604,52844,91448
58249,82555,140804
79391,54631,134022
46061,42723,88784
71812,95781,167593
51256,35652,86908
44790,72102,116892
9502,47103,56605
15583,99227,114810
4574,75902,80476
12216,93284,105500
97534,21119,118653
14635,52328,66963
53659,15073,68732
24628,76411,101039
44807,4893,49700
58269,91867,150136
1751,9670,11421
27636,36912,64548
12334,11122,23456
35888,57485,93373
74495,82124,156619
20640,51208,71848
43153,98122,141275
33430,720,34150
95186,56102,151288
38737,3519,42256
28637,46755,75392
25546,81668,107214
25703,39692,65395
22028,98110,120138
77628,97229,174857
3259,8642,11901
980,67300,68280
29523,94166,123689
42519,7577,50096
29422,7273,36695
28965,88494,117459
71424,96384,167808
87394,41860,129254
4370,79304,83674
73580,4122,77702
72016,78591,150607
52049,5547,57596
98406,22467,120873
53609,30156,83765
15770,16646,32416
74770,53205,127975
76206,58511,134717
31146,40455,71601
39984,76496,116480
85565,6559,92124
48712,59103,107815
206,10950,11156
83229,91502,174731
1885,62222,64107
95032,42346,137378
13420,183,13603
2368,65476,67844
9224,98996,108220
44224,88106,132330
51867,88797,140664
82074,84575,166649
55110,11880,66990
33803,50449,84252
24960,89175,114135
35354,86799,122153
73392,91350,164742
21814,12711,34525
34877,50493,85370
15485,89827,105312
38547,70627,109174
46095,90010,136105
88794,59504,148298
3019,91988,95007
78208,9639,87847
41814,60448,102262
40530,5398,45928
88846,68051,156897
15666,70625,86291
3595,18799,22394
68689,12603,81292
77298,1801,79099
33576,11048,44624
39233,33206,72439
17505,45324,62829
53717,10358,64075
23187,91024,114211
11384,96511,107895
82364,64104,146468
8488,21943,30431
70276,16553,86829
78024,65085,143109
75920,55951,131871
58410,97821,156231
29064,33418,62482
45828,64926,110754
46163,79669,125832
54466,38617,93083
815,99320,100135
81119,44351,125470
27158,66099,93257
42000,94082,136082
18788,60343,79131
56894,54896,111790
36515,69507,106022
70183,86252,156435
42456,92270,134726
59785,49311,109096
59542,99100,158642
69042,74920,143962
26965,19993,46958
18158,94602,112760
74152,13963,88115
55070,80984,136054
60623,17137,77760
23513,43738,67251
46447,9651,56098
99357,78800,178157
8411,89051,97462
20318,52711,73029
55857,75805,131662
98676,58247,156923
15014,62682,77696
24646,57264,81910
73667,43296,116963
77253,48679,125932
69980,52410,122390
71081,89153,160234
81759,86761,168520
20949,16369,37318
71750,36783,108533
92821,33627,126448
9142,12839,21981
49528,29073,78601
98591,30867,129458
57499,20383,77882
76155,7822,83977
52130,81444,133574
53222,94756,147978
50328,11841,62169
52716,13909,66625
41990,39572,81562
5268,40157,45425
3134,62331,65465
57520,3636,61156
68272,10163,78435
23766,4987,28753
26770,56447,83217
68874,60473,129347
75862,7639,83501
3947,70268,74215
86503,88047,174550
40089,13615,53704
61830,78407,140237
44433,52861,97294
80227,80469,160696
6357,66235,72592
94649,64528,159177
86084,33552,119636
66540,59652,126192
14039,81124,95163
49156,42210,91366
81214,81974,163188
52946,46782,99728
70129,26367,96496
13417,23899,37316
97672,21241,118913
22613,13264,35877
40503,41823,82326
63383,65339,128722
22614,33552,56166
85133,27757,112890
1301,79642,80943
78457,24570,103027
36804,30869,67673
44272,77337,121609
19760,27009,46769
48662,11792,60454
26033,28301,54334
5844,36938,42782
12360,94049,106409
49709,33152,82861
12799,53511,66310
80510,89360,169870
8022,54045,62067
43213,95341,138554
4797,50921,55718
8105,50737,58842
85404,49923,135327
38948,10570,49518
80165,92518,172683
95270,73019,168289
85263,54683,139946
59470,95553,155023
98564,49131,147695
74042,28244,102286
14190,84080,98270
31598,41275,72873
56300,57386,113686
18602,45297,63899
64724,50951,115675
83895,88399,172294
83753,26141,109894
89654,75470,165124
78606,46095,124701
81112,96585,177697
16372,17897,34269
52297,36299,88596
49081,16595,65676
3042,63841,66883
73566,56794,130360
28367,58038,86405
66418,6133,72551
76480,62388,138868
87432,79317,166749
21449,47762,69211
32290,50625,82915
27297,46134,73431
82499,69084,151583
52817,12342,65159
86068,86832,172900
84976,56517,141493
11657,50578,62235
81016,14596,95612
38104,33460,71564
21855,37249,59104
56869,65292,122161
11264,22159,33423
36061,45952,82013
67537,39353,106890
98877,66916,165793
91428,29746,121174
64203,97830,162033
79377,5555,84932
36254,30266,66520
55932,44395,100327
16521,39332,55853
94474,10082,104556
83552,65098,148650
8499,52298,60797
73651,82564,156215
94036,55844,149880
10770,4303,15073
66304,12651,78955
37689,66816,104505
86814,58958,145772
49609,46404,96013
61369,33605,94974
22944,45344,68288
22149,25804,47953
97817,43414,141231
18991,86244,105235
90742,18258,109000
44000,1048,45048
15103,50475,65578
71105,80667,151772
85636,69051,154687
79582,18750,98332
70442,7127,77569
18292,61041,79333
12637,11980,24617
65403,88004,153407
99163,64631,163794
56685,74591,131276
35288,83261,118549
7140,98460,105600
96320,3741,100061
77838,95237,173075
73940,98102,172042
10178,5086,15264
44355,95106,139461
96848,52863,149711
25737,1587,27324
49887,54216,104103
9706,80230,89936
13207,91172,104379
60547,99804,160351
71923,13540,85463
12052,14898,26950
31077,78492,109569
48591,99837,148428
27081,92971,120052
44068,31171,75239
8772,60134,68906
61378,30312,91690
92003,8527,100530
73648,46240,119888
71907,87565,159472
7191,63757,70948
89157,89475,178632
44010,36953,80963
93536,60074,153610
17098,70565,87663
38936,77731,116667
34580,85904,120484
82969,3633,86602
94981,22248,117229
518,7706,8224
14220,91462,105682
43566,21586,65152
95219,97055,192274
89879,79439,169318
48028,56531,104559
66632,84913,151545
41488,33495,74983
408,97413,97821
31517,68971,100488
26887,78748,105635
57089,53963,111052
56053,43789,99842
96757,11908,108665
23922,6712,30634
94819,3998,98817
7041,98899,105940
89721,98416,188137
5066,3536,8602
33121,20619,53740
38348,26990,65338
34107,80914,115021
43630,92012,135642
82270,23190,105460
19803,25798,45601
34914,3585,38499
54260,3142,57402
79009,64284,143293
8331,98471,106802
2716,15604,18320
30224,76585,106809
42282,61888,104170
64441,32793,97234
47243,34182,81425
66975,64201,131176
90223,21147,111370
44367,69250,113617
48305,27143,75448
73338,49303,122641
61741,17512,79253
23158,91413,114571
35299,80083,115382
42751,12923,55674
74262,21510,95772
11036,32347,43383
97873,86886,184759
73724,55884,129608
7660,13554,21214
86454,77574,164028
39144,66290,105434
55185,54908,110093
2006,79261,81267
30699,47018,77717
2783,36484,39267
94609,7043,101652
44989,92561,137550
46534,34542,81076
82875,71680,154555
41257,41470,82727
36415,40389,76804
45146,92992,138138
76183,76378,152561
12980,28907,41887
94127,86991,181118
89794,18474,108268
19353,13346,32699
30010,95929,125939
96275,67237,163512
98467,41292,139759
81140,82014,163154
38538,63628,102166
50542,71647,122189
45872,60363,106235
87541,69650,157191
12272,95457,107729
68463,45322,113785
98165,74527,172692
11460,34534,45994
94153,37367,131520
89288,34824,124112
50867,19453,70320
97265,88244,185509
20434,87162,107596
67282,42492,109774
98044,68813,166857
97043,40736,137779
4471,72625,77096
34516,8445,42961
57361,35686,93047
71556,50051,121607
84808,42524,127332
1182,70799,71981
67721,53831,121552
16341,23888,40229
78142,89249,167391
74087,51908,125995
86256,21993,108249
5136,17504,22640
33962,10821,44783
36458,73941,110399
67759,4983,72742
66762,4061,70823
98402,22322,120724
17426,5439,22865
91341,72587,163928
74431,15936,90367
3860,26419,30279
4993,20334,25327
31309,34872,66181
34972,61948,96920
169,92411,92580
81547,15850,97397
96796,43751,140547
82309,7316,89625
59222,51422,110644
94783,33245,128028
27294,2548,29842
6725,43961,50686
5132,6591,11723
49068,80949,130017
35911,1370,37281
72100,79136,151236
15360,39769,55129
36404,29606,66010
89731,83086,172817
7871,16353,24224
8519,44374,52893
96313,91111,187424
42873,21690,64563
69531,58948,128479
44488,79815,124303
9945,26232,36177
66179,14436,80615
1614,56021,57635
12916,10426,23342
67615,26438,94053
13951,2375,16326
85951,39701,125652
18991,66738,85729
59123,54046,113169
29544,5054,34598
12653,65544,78197
20795,60337,81132
36004,3487,39491
36640,93659,130299
92420,11865,104285
35338,21449,56787
37532,4684,42216
19413,5992,25405
52255,11926,64181
94314,35726,130040
11826,34431,46257
58743,78529,137272
49552,20423,69975
46030,95805,141835
18828,84953,103781
40430,64003,104433
13095,13216,26311
35063,90629,125692
5079,38381,43460
98656,92132,190788
39590,97473,137063
22205,27715,49920
73367,7236,80603
69056,34613,103669
85683,96147,181830
46340,85430,131770
44207,95263,139470
63050,26792,89842
79524,69240,148764
6582,824,7406
2664,58257,60921
9280,85861,95141
97712,98994,196706
43520,24579,68099
35730,9480,45210
67744,31633,99377
4106,99638,103744
48399,60716,109115
79385,32854,112239
85536,29794,115330
41756,35473,77229
91558,81889,173447
39030,80333,119363
94279,94997,189276
45018,63363,108381
91762,8609,100371
48009,47386,95395
36070,92791,128861
8492,88791,97283
69552,16920,86472
70912,62220,133132
83732,14170,97902
2080,38880,40960
90099,99646,189745
22664,20613,43277
33692,86959,120651
46084,10312,56396
32087,69552,101639
61771,69944,131715
41852,87864,129716
87176,77068,164244
58936,15647,74583
85522,80320,165842
2693,93021,95714
80537,64188,144725
5895,50421,56316
1961,31251,33212
86793,81174,167967
35613,66571,102184
76934,63904,140838
91450,22820,114270
55506,43704,99210
75527,75309,150836
4725,62206,66931
60645,80704,141349
30259,6242,36501
29142,40288,69430
1106,33466,34572
90684,86865,177549
44565,64067,108632
29501,73055,102556
81879,8295,90174
58174,64651,122825
6088,42278,48366
2209,41276,43485
17574,75184,92758
49553,35734,85287
7285,8570,15855
30584,59612,90196
45644,85980,131624
61260,90365,151625
300,21692,21992
51253,65506,116759
38726,90390,129116
33877,95058,128935
55151,20440,75591
69008,2035,71043
82100,49026,131126
60515,76025,136540
46091,22686,68777
57936,80399,138335
32455,29950,62405
27526,76303,103829
15308,11757,27065
96134,85204,181338
18321,17140,35461
82270,64902,147172
92452,33258,125710
66250,95369,161619
9580,16425,26005
38897,36528,75425
27896,42950,70846
63401,43283,106684
17081,46321,63402
41141,71863,113004
94692,65691,160383
99971,91086,191057
64283,9031,73314
93141,92203,185344
49757,14995,64752
27502,92021,119523
36024,94944,130968
33620,97248,130868
70594,94136,164730
76101,15752,91853
3819,45080,48899
5463,40449,45912
51304,61489,112793
50444,48869,99313
41981,26668,68649
99344,4578,103922
57297,35221,92518
17067,24589,41656
59941,4290,64231
12216,72084,84300
34170,80858,115028
44027,92290,136317
49575,21932,71507
46449,86205,132654
61983,90218,152201
66263,6495,72758
53303,33954,87257
59174,50476,109650
33490,91476,124966
26959,84412,111371
41165,99765,140930
9266,52856,62122
65468,7764,73232
38389,43412,81801
83322,29528,112850
95797,15661,111458
7142,19053,26195
20491,48940,69431
40181,83553,123734
6446,88840,95286
25280,15800,41080
63289,84462,147751
81079,65210,146289
42592,49319,91911
11920,32081,44001
55414,95903,151317
73493,60556,134049
81278,91293,172571
4995,49370,54365
85218,92755,177973
2234,59069,61303
34183,30384,64567
18186,81966,100152
93158,56118,149276
68705,14205,82910
98938,49278,148216
92154,65807,157961
37717,97284,135001
24736,56074,80810
10165,21327,31492
74646,76727,151373
39566,45105,84671
96249,44194,140443
47679,85407,133086
93345,23371,116716
8315,88447,96762
56356,52980,109336
40265,62359,102624
49972,27936,77908
81747,48155,129902
12003,28254,40257
71550,70087,141637
71719,75335,147054
65573,30712,96285
41245,71409,112654
85343,93548,178891
9445,20821,30266
75774,8204,83978
45649,75624,121273
67032,53991,121023
51548,81586,133134
36074,93578,129652
28570,98992,127562
43830,20754,64584
98374,5820,104194
8531,63274,71805
80736,16133,96869
18792,40432,59224
4996,89661,94657
67786,35012,102798
54696,5386,60082
57143,4279,61422
40067,96825,136892
56020,10977,66997
30450,43262,73712
35169,37384,72553
57181,54006,111187
81875,29158,111033
26771,27322,54093
89475,79085,168560
42268,35710,77978
61809,58089,119898
59287,14226,73513
16904,87500,104404
95570,62159,157729
86975,61207,148182
77045,90159,167204
49871,34333,84204
39855,89053,128908
25250,33741,58991
70164,58750,128914
36698,66865,103563
20275,29201,49476
52132,70810,122942
13169,34938,48107
68414,30787,99201
37287,79359,116646
88074,38917,126991
77366,35316,112682
67088,29490,96578
35600,38232,73832
35802,27568,63370
59668,24644,84312
96737,99549,196286
30823,87129,117952
59362,22663,82025
74508,62070,136578
12839,84410,97249
77528,11755,89283
3153,1357,4510
22176,8334,30510
35488,43496,78984
18812,91471,110283
21827,66746,88573
3570,12379,15949
4009,63138,67147
86131,87970,174101
64681,2074,66755
16826,73116,89942
36192,55627,91819
56276,75880,132156
38779,46102,84881
38525,59966,98491
2937,30262,33199
30772,26501,57273
63640,95607,159247
28034,31535,59569
42020,95603,137623
32858,39171,72029
35121,15066,50187
11715,4681,16396
90334,1160,91494
43892,42206,86098
91227,53852,145079
13973,59492,73465
13732,17813,31545
31942,32447,64389
27510,30294,57804
13867,52910,66777
17939,93086,111025
36222,24856,61078
92506,59920,152426
5316,36451,41767
51756,95332,147088
67924,4148,72072
90606,15950,106556
59240,73999,133239
60599,59373,119972
18315,93767,112082
24622,18140,42762
58913,8676,67589
5202,78902,84104
83818,65967,149785
62731,83995,146726
54478,18553,73031
86311,6250,92561
84235,77467,161702
72545,38043,110588
93922,34421,128343
83743,47941,131684
3553,52599,56152
54171,52323,106494
78082,31514,109596
25701,39073,64774
28852,20345,49197
198,85116,85314
35633,25466,61099
11432,36374,47806
72405,12479,84884
86740,95658,182398
98101,83961,182062
28176,53091,81267
15270,201,15471
85023,23046,108069
76005,3627,79632
76489,24387,100876
26152,89133,115285
15027,97308,112335
63731,78788,142519
86151,95079,181230
37720,40496,78216
51280,33340,84620
36618,39686,76304
7333,90746,98079
54053,69902,123955
80953,13260,94213
4115,24431,28546
79499,84509,164008
79465,49440,128905
47528,56911,104439
85120,63394,148514
76552,75716,152268
35084,82315,117399
76848,47265,124113
84940,15012,99952
24860,4358,29218
42032,45271,87303
24855,21119,45974
57075,36902,93977
65747,61237,126984
3063,66233,69296
4319,84604,88923
68159,13172,81331
61241,38158,99399
20555,92051,112606
57480,7086,64566
40231,50352,90583
63253,92087,155340
80043,74268,154311
3274,46793,50067
84708,48100,132808
27783,22021,49804
89437,96127,185564
25436,55828,81264
25200,71917,97117
38843,33468,72311
16536,54376,70912
63772,82800,146572
13337,10610,23947
28058,23806,51864
36075,73924,109999
33825,63582,97407
36601,5568,42169
5417,52780,58197
52097,95760,147857
6001,92404,98405
43726,40400,84126
80532,56968,137500
79378,79379,158757
67354,18780,86134
1091,81808,82899
85242,41117,126359
59864,51895,111759
10474,33829,44303
78355,96108,174463
8691,86454,95145
33507,23429,56936
47296,9726,57022
27329,87987,115316
83446,9898,93344
49115,85706,134821
53898,23458,77356
2030,28926,30956
90749,75187,165936
24034,1452,25486
64334,40347,104681
17275,91060,108335
98378,72263,170641
84861,17160,102021
52388,4140,56528
47906,39147,87053
64392,62329,126721
15109,99005,114114
34326,60557,94883
71512,5876,77388
53449,31687,85136
50313,98988,149301
25144,64497,89641
58125,98491,156616
27278,57301,84579
32768,20635,53403
90902,68281,159183
87952,12181,100133
3205,73110,76315
99682,20150,119832
90627,22097,112724
67059,96775,163834
11900,80999,92899
43278,21458,64736
26806,73319,100125
43388,24164,67552
63484,72393,135877
70067,72709,142776
86124,83472,169596
29592,95853,125445
44687,99191,143878
80276,99582,179858
1144,54986,56130
11915,71365,83280
25350,58873,84223
28204,12102,40306
59763,22075,81838
79729,66575,146304
34036,55253,89289
60995,56642,117637
92420,83115,175535
54114,83399,137513
20215,50391,70606
86239,20678,106917
27802,90711,118513
44713,4259,48972
97816,19043,116859
12295,56889,69184
8962,26640,35602
96824,88631,185455
59545,62658,122203
94774,87944,182718
50116,18686,68802
99444,74709,174153
15938,40070,56008
62279,94656,156935
19667,86915,106582
67675,29225,96900
58814,47787,106601
97746,21010,118756
5496,87344,92840
73279,36410,109689
83168,35531,118699
83566,60477,144043
20972,68152,89124
36981,25853,62834
29863,10968,40831
82140,73239,155379
65587,15003,80590
73910,49962,123872
94676,70544,165220
61153,19899,81052
32077,31509,63586
80072,9470,89542
40234,81039,121273
54110,3430,57540
59452,90169,149621
83459,17932,101391
41391,41570,82961
10734,69605,80339
6894,85091,91985
94968,44017,138985
93504,84572,178076
24538,93973,118511
95366,85956,181322
72671,82307,154978
50839,5573,56412
4517,31183,35700
82382,87153,169535
97779,77490,175269
72652,50009,122661
30386,20023,50409
36289,49150,85439
74963,4654,79617
57140,39406,96546
61476,2206,63682
26664,77267,103931
11589,30119,41708
78367,34451,112818
58958,38836,97794
37380,97926,135306
71869,28465,100334
4746,92151,96897
41948,3901,45849
16016,5592,21608
20929,73347,94276
79070,20267,99337
64114,96547,160661
76417,25771,102188
24404,74790,99194
80001,33330,113331
47578,67294,114872
54998,23945,78943
90288,76856,167144
60914,64452,125366
82455,57062,139517
43746,98642,142388
89196,81169,170365
52503,20371,72874
95626,81656,177282
7286,50298,57584
14133,95830,109963
72769,37233,110002
13471,37846,51317
99190,47697,146887
76424,61784,138208
8676,91280,99956
43710,27943,71653
36464,48998,85462
12645,84577,97222
48811,33680,82491
4567,66541,71108
93753,42520,136273
70529,95816,166345
11165,49463,60628
59150,51552,110702
271,49009,49280
86821,80411,167232
82745,53893,136638
28158,94396,122554
15948,80633,96581
18770,42951,61721
35415,42628,78043
2473,62604,65077
97087,42392,139479
61334,55885,117219
42976,30139,73115
95727,13877,109604
46419,9091,55510
5609,79153,84762
14090,23574,37664
59374,1145,60519
37641,58304,95945
3663,78209,81872
33232,21610,54842
90906,87156,178062
23143,6148,29291
97929,29052,126981
47750,15816,63566
12891,18182,31073
51896,15767,67663
51408,71247,122655
55913,49189,105102
63217,54954,118171
98691,56769,155460
26642,6619,33261
65763,49079,114842
36918,6326,43244
69188,95828,165016
68488,85732,154220
15638,73253,88891
92163,64414,156577
42028,67182,109210
18843,39505,58348
53333,85981,139314
73075,23907,96982
32272,88728,121000
24293,59436,83729
24999,19592,44591
13623,99709,113332
65031,43972,109003
13836,19315,33151
77889,27682,105571
36788,73166,109954
2278,32522,34800
58157,7884,66041
6826,53212,60038
13346,64413,77759
85051,67036,152087
85211,50600,135811
4620,57012,61632
52179,62257,114436
11579,2923,14502
80337,96779,177116
26261,84835,111096
64444,17222,81666
65598,73918,139516
21523,79679,101202
32883,80872,113755
35724,13786,49510
94327,11691,106018
62651,91915,154566
87636,48063,135699
87271,97742,185013
45360,55548,100908
19652,82326,101978
22851,59617,82468
47259,86575,133834
90890,68640,159530
75543,51221,126764
57255,4423,61678
92928,66446,159374
99997,96627,196624
69924,12896,82820
2362,63144,65506
58667,5265,63932
3317,41406,44723
92024,81456,173480
69892,13089,82981
55969,56591,112560
28666,92254,120920
19123,54857,73980
30025,50063,80088
55032,13653,68685
65136,22937,88073
38465,64874,103339
39534,16905,56439
98923,60273,159196
62054,48979,111033
36783,33746,70529
20482,62770,83252
6135,61267,67402
75096,89299,164395
57823,73033,130856
39489,97820,137309
60666,63070,123736
93595,47513,141108
42393,97802,140195
80037,79877,159914
94880,91680,186560
68062,93549,161611
63748,70301,134049
35190,35481,70671
75068,81312,156380
86791,34614,121405
47516,55633,103149
96323,66163,162486
46330,88590,134920
56905,18267,75172
34554,19641,54195
77739,86025,163764
27169,60038,87207
90153,47128,137281
57938,77056,134994
52050,72058,124108
49987,91646,141633
37564,74832,112396
31344,50603,81947
47599,61272,108871
81826,40547,122373
18871,67399,86270
43485,77536,121021
29688,46771,76459
35553,15093,50646
96089,96360,192449
80538,53014,133552
32511,47019,79530
14729,16448,31177
15777,56057,71834
96822,99750,196572
91487,71003,162490
77246,50103,127349
73245,33314,106559
4974,22038,27012
48287,38482,86769
79409,68484,147893
94912,86898,181810
23358,7755,31113
11219,26092,37311
82223,39816,122039
28403,63252,91655
68404,89860,158264
84021,11689,95710
76484,85570,162054
24270,85693,109963
44837,40098,84935
63610,67503,131113
3744,73826,77570
49379,3302,52681
80609,95391,176000
84307,82205,166512
40196,4581,44777
41102,70492,111594
11284,88042,99326
70048,49258,119306
74477,61926,136403
92924,9434,102358
37623,14306,51929
16283,32944,49227
69210,64878,134088
30845,78033,108878
43422,40114,83536
67650,15367,83017
79165,52513,131678
72576,18900,91476
30027,179,30206
23441,14369,37810
98278,85816,184094
84984,16633,101617
63380,16760,80140
19872,22378,42250
30016,31359,61375
39883,23137,63020
60841,90722,151563
87925,56505,144430
56455,82229,138684
84519,97549,182068
61525,39824,101349
56787,28968,85755
10643,32272,42915
87497,76938,164435
40810,77401,118211
34096,10905,45001
47079,18995,66074
67382,25407,92789
1943,45498,47441
48442,78023,126465
18804,27736,46540
86450,14025,100475
27969,11781,39750
60744,78443,139187
93624,32907,126531
23353,61048,84401
37522,86838,124360
1264,38477,39741
24779,99279,124058
44427,86208,130635
77933,81267,159200
29806,88642,118448
99331,54808,154139
49122,98028,147150
40109,18047,58156
81914,68224,150138
53959,77244,131203
63586,53921,117507
93037,81340,174377
61222,6746,67968
85584,83091,168675
93722,51876,145598
29540,88591,118131
64067,7492,71559
19286,95735,115021
95895,43503,139398
73954,67214,141168
54824,87969,142793
62273,68763,131036
80084,60043,140127
69047,66437,135484
40639,48853,89492
70037,61344,131381
33190,90135,123325
56860,15957,72817
78070,43649,121719
56653,28421,85074
21732,88413,110145
55975,97435,153410
43049,70850,113899
6451,41332,47783
5657,79510,85167
78540,67819,146359
42626,56793,99419
59392,89896,149288
10972,16149,27121
7704,70851,78555
23453,22326,45779
99159,43569,142728
24681,99987,124668
45022,66332,111354
83288,92041,175329
90956,48316,139272
61442,76205,137647
91437,72864,164301
5007,51444,56451
10597,35116,45713
11947,43440,55387
9014,89026,98040
62160,66834,128994
30355,79470,109825
12439,77656,90095
59887,29264,89151
60329,75841,136170
26776,3349,30125
52106,34957,87063
36771,20434,57205
30192,35074,65266
34112,42101,76213
32148,78367,110515
46480,11043,57523
5773,35950,41723
14534,18787,33321
82299,49710,132009
22021,5572,27593
10723,72066,82789
71528,50847,122375
5440,55201,60641
81649,93331,174980
18894,81626,100520
12644,90260,102904
65380,59403,124783
25185,30827,56012
9859,32704,42563
11041,10975,22016
64720,45003,109723
96111,87954,184065
94105,99950,194055
31014,90931,121945
74543,13169,87712
42042,3065,45107
45399,48312,93711
59621,88355,147976
93986,57826,151812
75759,89107,164866
33051,16889,49940
52088,20068,72156
76709,72947,149656
95144,54172,149316
19050,30474,49524
69953,51053,121006
18789,59516,78305
38920,13789,52709
22070,39471,61541
77098,824,77922
72053,65060,137113
56315,54674,110989
15765,63537,79302
7864,72029,79893
88116,49134,137250
85077,30195,115272
6758,70824,77582
1846,85338,87184
14754,47624,62378
80905,87899,168804
28363,27586,55949
53539,37786,91325
72019,50786,122805
14740,11911,26651
36155,20643,56798
90008,32335,122343
61965,88894,150859
92586,63353,155939
99342,90654,189996
7802,94662,102464
34719,56616,91335
83400,88758,172158
16110,60109,76219
65341,18927,84268
3330,20116,23446
36517,22212,58729
74116,77275,151391
1845,56674,58519
70066,54682,124748
78452,69783,148235
23185,35828,59013
24496,96362,120858
27950,99014,126964
46562,50502,97064
52346,76130,128476
92073,92009,184082
86644,46497,133141
73067,20359,93426
36000,18274,54274
23133,17040,40173
33793,50670,84463
43741,99981,143722
23560,61525,85085
10871,64379,75250
17988,67398,85386
84976,95721,180697
86607,4555,91162
42763,46447,89210
1258,52445,53703
13500,65021,78521
84129,36644,120773
67164,76818,143982
25368,72727,98095
45096,90522,135618
31163,22718,53881
57994,94097,152091
42968,32832,75800
2158,66553,68711
53553,2466,56019
6940,48721,55661
11271,96239,107510
86597,34049,120646
11244,23077,34321
19838,57258,77096
95739,67230,162969
36908,53616,90524
52988,26627,79615
38650,61614,100264
98521,79677,178198
44496,45619,90115
50887,26424,77311
54274,25690,79964
10148,3858,14006
95035,91480,186515
51791,47940,99731
16630,76522,93152
42760,27203,69963
62360,92413,154773
46955,33374,80329
76020,5522,81542
64795,33829,98624
32513,43633,76146
32938,70517,103455
81215,15612,96827
7235,80134,87369
84237,13268,97505
38645,36520,75165
93269,28627,121896
1192,82594,83786
21852,25354,47206
37334,2947,40281
66498,12266,78764
6993,16082,23075
79152,21196,100348
81335,1417,82752
21541,50708,72249
37804,40233,78037
21349,85810,107159
6441,10927,17368
61715,24116,85831
28408,76397,104805
9541,10815,20356
48097,12330,60427
15214,23210,38424
22638,28586,51224
50241,63192,113433
77799,38363,116162
45980,98875,144855
8416,55776,64192
66967,94821,161788
34158,34406,68564
29397,5657,35054
56041,71582,127623
57397,51677,109074
57712,98355,156067
34840,63434,98274
65977,4032,70009
50629,80910,131539
79071,82510,161581
70678,40620,111298
93643,43906,137549
66592,16728,83320
82947,77154,160101
70822,54260,125082
48118,83088,131206
19849,36,19885
78666,35231,113897
20071,84447,104518
7463,87287,94750
87342,82164,169506
85657,11108,96765
19429,90936,110365
85475,89848,175323
68524,44326,112850
34057,89973,124030
76991,81136,158127
34308,34277,68585
94421,35525,129946
72733,24350,97083
22019,97251,119270
71498,17513,89011
6385,91515,97900
37246,93378,130624
21695,77506,99201
8523,17322,25845
37219,18844,56063
41955,50445,92400
5275,55716,60991
19516,22602,42118
84933,26607,111540
2183,44531,46714
48891,41196,90087
53400,11290,64690
14663,2117,16780
7662,71623,79285
92162,19992,112154
23675,82015,105690
89965,46702,136667
32842,47845,80687
23884,72336,96220
83682,61444,145126
95231,90372,185603
19748,5250,24998
1367,82434,83801
97578,23112,120690
89387,75229,164616
58725,17605,76330
44741,15783,60524
12632,34809,47441
70262,66527,136789
84466,48611,133077
9047,60541,69588
57639,54359,111998
18690,46817,65507
7295,73001,80296
14299,18724,33023
59601,10727,70328
76642,36352,112994
41729,3992,45721
26550,60331,86881
75084,71193,146277
61376,6960,68336
79771,32922,112693
66201,19371,85572
9356,42393,51749
81084,4107,85191
52208,31353,83561
34786,34958,69744
41824,5680,47504
46982,90222,137204
93282,33845,127127
37426,22590,60016
9741,18521,28262
12385,12178,24563
63864,19366,83230
7870,54468,62338
86808,38101,124909
59903,37677,97580
31297,99395,130692
2046,84704,86750
7564,75937,83501
95464,68684,164148
55970,7319,63289
5180,45103,50283
39176,75585,114761
29612,39805,69417
10196,48037,58233
85985,56516,142501
23382,37285,60667
78057,20234,98291
66311,15122,81433
49371,83465,132836
91766,867,92633
76356,10185,86541
90852,49973,140825
64468,72310,136778
15607,736,16343
28495,46333,74828
91715,40821,132536
37244,96626,133870
78640,74852,153492
54121,2423,56544
76620,78900,155520
1727,38905,40632
39620,90028,129648
34993,66935,101928
75729,35584,111313
19019,25023,44042
55609,80519,136128
22168,21564,43732
39470,48712,88182
70190,50536,120726
52002,92720,144722
99078,74807,173885
14823,53468,68291
25061,81738,106799
34105,7558,41663
12865,62330,75195
79331,87522,166853
25497,82904,108401
9954,154,10108
95928,66264,162192
65373,57374,122747
64043,1672,65715
56227,44625,100852
36840,8223,45063
67766,88919,156685
51884,20763,72647
65607,92067,157674
32799,64682,97481
6885,59973,66858
81015,85484,166499
37028,24557,61585
10913,30700,41613
13972,66135,80107
56993,78750,135743
88302,74386,162688
34514,18130,52644
61793,66394,128187
95306,7833,103139
63521,54030,117551
15870,47146,63016
99416,75595,175011
29248,57001,86249
36466,4743,41209
56403,6653,63056
700,1120,1820
32780,85076,117856
33222,82282,115504
14166,42546,56712
54859,44036,98895
99755,24794,124549
93853,17224,111077
56542,78814,135356
88683,94900,183583
59768,88033,147801
8518,57650,66168
23260,38993,62253
58506,84844,143350
69789,73101,142890
31643,36129,67772
83831,61769,145600
4666,96040,100706
2668,72823,75491
26894,39676,66570
22901,11388,34289
69070,76178,145248
85523,44525,130048
51595,7193,58788
63063,59857,122920
16123,98855,114978
47778,48352,96130
86393,80594,166987
71853,49074,120927
49577,92261,141838
90191,66725,156916
25298,33710,59008
218,68713,68931
8610,5937,14547
88043,17352,105395
81312,52669,133981
46623,67161,113784
17733,13946,31679
18069,83672,101741
94521,16660,111181
56956,68760,125716
8899,18206,27105
78747,25767,104514
13039,70456,83495
81084,53939,135023
93458,18432,111890
92060,50532,142592
46786,49702,96488
41600,83691,125291
19625,99165,118790
1820,46990,48810
58050,74838,132888
5502,74141,79643
63918,63591,127509
82253,13293,95546
64443,11527,75970
91120,4749,95869
85517,63862,149379
69295,43396,112691
96246,48212,144458
19215,45159,64374
66961,12903,79864
37687,8815,46502
4517,25483,30000
64860,56437,121297
2071,92717,94788
72147,38090,110237
43642,49258,92900
72311,31150,103461
78404,63379,141783
24459,40781,65240
44717,5057,49774
32751,22460,55211
24832,30041,54873
24197,51629,75826
58716,91719,150435
25194,96629,121823
12346,1890,14236
94727,10688,105415
5463,89975,95438
53544,20241,73785
79788,46397,126185
96863,90929,187792
84445,9724,94169
56062,12933,68995
68161,4741,72902
6880,41916,48796
68916,39525,108441
66984,37761,104745
68352,74218,142570
9550,89368,98918
66205,87809,154014
20572,43227,63799
95057,51682,146739
53278,22918,76196
4597,94230,98827
85434,6938,92372
49818,2713,52531
59754,61906,121660
82455,57495,139950
57643,15901,73544
64889,49703,114592
98000,90872,188872
61281,68966,130247
62969,11697,74666
80892,43995,124887
10462,77044,87506
35414,60143,95557
12944,38800,51744
59642,99783,159425
47110,24932,72042
13026,19760,32786
58490,61623,120113
74471,66396,140867
69793,13473,83266
40131,40796,80927
51791,15944,67735
76230,88054,164284
90544,23316,113860
35347,96039,131386
95687,48049,143736
7432,73819,81251
61234,91525,152759
77951,54825,132776
36302,68450,104752
49,32376,32425
84581,35927,120508
17875,46787,64662
23983,54367,78350
29764,70166,99930
22905,42351,65256
7348,88659,96007
87423,16746,104169
86174,163,86337
10016,57042,67058
95457,41321,136778
54435,62182,116617
4667,14296,18963
39821,29456,69277
17637,34820,52457
20701,33743,54444
53045,43294,96339
56550,11187,67737
33342,77719,111061
59720,94010,153730
63066,8771,71837
46790,85549,132339
41419,61455,102874
8906,79484,88390
41246,95517,136763
78247,98651,176898
14189,74438,88627
54946,51953,106899
46944,76031,122975
54748,16050,70798
34047,93109,127156
85211,90662,175873
63412,86980,150392
51386,35122,86508
15990,45667,61657
36003,91674,127677
31073,43837,74910
34534,781,35315
78366,8214,86580
43666,77791,121457
82250,93738,175988
78561,34889,113450
86939,27371,114310
17906,5712,23618
4955,65465,70420
61202,41626,102828
81501,19689,101190
9194,12562,21756
88032,65119,153151
36681,57413,94094
85897,1341,87238
69891,60851,130742
62694,94855,157549
44379,31169,75548
72811,25715,98526
83247,66951,150198
97235,52446,149681
32660,94161,126821
9731,79699,89430
54988,40313,95301
21242,92382,113624
23362,96347,119709
21464,59142,80606
32919,45068,77987
58855,35168,94023
69511,55865,125376
90298,84958,175256
72020,90925,162945
30031,4348,34379
26400,78220,104620
71994,36370,108364
53839,13913,67752
53977,75578,129555
95774,58137,153911
40356,21197,61553
15332,54327,69659
39579,38127,77706
30791,38517,69308
74076,67893,141969
46046,94341,140387
99354,21967,121321
23951,2480,26431
83612,56219,139831
37755,44143,81898
61352,5956,67308
11001,97379,108380
96657,22790,119447
52021,86378,138399
1412,55766,57178
92014,15601,107615
29140,11944,41084
14792,8400,23192
10549,95049,105598
90110,62855,152965
68290,43422,111712
44736,34957,79693
50793,22984,73777
91132,8753,99885
22546,12198,34744
32524,77205,109729
26273,9960,36233
84260,89555,173815
69526,48813,118339
5718,37202,42920
98939,14414,113353
45001,26715,71716
90091,47541,137632
91135,68290,159425
83124,41638,124762
95631,55015,150646
9859,57607,67466
11035,2322,13357
72646,228,72874
279,68603,68882
99973,3478,103451
9832,38837,48669
47043,53626,100669
14096,56562,70658
91135,43149,134284
27701,84869,112570
71147,27058,98205
48328,77841,126169
54591,34296,88887
75096,71970,147066
22724,47138,69862
97544,98111,195655
30396,6389,36785
22769,36514,59283
31405,43612,75017
9579,716,10295
18493,56256,74749
39694,37654,77348
96084,74036,170120
67057,86145,153202
95929,24158,120087
6628,7260,13888
99392,12274,111666
57545,97763,155308
60218,22703,82921
8426,1956,10382
59307,11531,70838
86878,63431,150309
25116,83828,108944
44075,51058,95133
48618,27170,75788
334,25541,25875
8478,80744,89222
33765,25988,59753
56959,56265,113224
76840,98781,175621
9692,22567,32259
64232,98261,162493
98588,57434,156022
96300,49809,146109
63722,1805,65527
41144,27552,68696
18165,33464,51629
32010,78850,110860
70816,7300,78116
71979,88733,160712
30280,32279,62559
33992,33157,67149
43660,78601,122261
2591,3686,6277
37749,59338,97087
4928,54073,59001
23,21972,21995
81487,70427,151914
16638,84536,101174
63505,64503,128008
65122,79403,144525
41618,54256,95874
75601,96412,172013
25275,23623,48898
75738,86068,161806
59010,73295,132305
14080,98182,112262
85972,27421,113393
28318,51935,80253
12836,6898,19734
28616,75808,104424
8789,28359,37148
91282,47362,138644
5361,86959,92320
55967,96389,152356
9612,36268,45880
53089,69403,122492
83451,25834,109285
63708,46207,109915
48233,49277,97510
89850,54726,144576
31220,38408,69628
77865,30520,108385
33098,61220,94318
94464,82541,177005
44691,7997,52688
26385,36455,62840
35398,69493,104891
72666,66451,139117
97080,57910,154990
85167,71370,156537
91222,40657,131879
49665,62188,111853
72093,97564,169657
24733,69357,94090
2485,13781,16266
54096,29612,83708
48828,90829,139657
75266,72763,148029
25496,76247,101743
81781,46463,128244
40536,7966,48502
72769,88636,161405
38275,6442,44717
72484,11757,84241
37451,78641,116092
88067,18964,107031
92320,29292,121612
24449,8577,33026
45394,93451,138845
15093,63842,78935
46029,94531,140560
88453,64589,153042
31788,47077,78865
17691,31825,49516
27388,13390,40778
21070,24227,45297
23634,17225,40859
88567,13076,101643
9080,52982,62062
13127,57602,70729
3770,26842,30612
63883,24073,87956
25114,70548,95662
96392,47319,143711
73289,13915,87204
15056,10885,25941
56593,59732,116325
50716,41578,92294
9604,12418,22022
85681,35185,120866
65362,18112,83474
79958,83378,163336
7517,19706,27223
97175,22835,120010
41363,91419,132782
57042,69697,126739
57998,42782,100780
57161,23717,80878
29064,2097,31161
13011,50909,63920
48771,67542,116313
28871,50531,79402
94336,72988,167324
13012,6366,19378
57277,64942,122219
33142,92933,126075
35968,38642,74610
85122,20370,105492
58419,71837,130256
70459,23770,94229
85013,58788,143801
88326,40166,128492
44107,7244,51351
27834,90911,118745
59084,30172,89256
73683,33191,106874
63792,51108,114900
16392,30247,46639
28962,93078,122040
88753,6024,94777
70356,68335,138691
72758,17664,90422
36102,94598,130700
21642,24401,46043
79431,67102,146533
85289,77632,162921
93003,130,93133
2324,60463,62787
33025,82182,115207
27706,94363,122069
26878,85650,112528
87746,31821,119567
56693,57345,114038
73473,74303,147776
23971,61433,85404
78236,52041,130277
46000,74547,120547
27962,64244,92206
70943,31282,102225
56308,43331,99639
89938,12825,102763
3508,25917,29425
49327,23608,72935
98123,88227,186350
47642,21290,68932
85164,94466,179630
17886,9855,27741
2876,52199,55075
53182,12049,65231
94040,5695,99735
72536,79557,152093
29486,49357,78843
13903,27665,41568
49504,17473,66977
24633,22544,47177
15310,12240,27550
56373,45561,101934
40155,36506,76661
19424,57116,76540
41151,88097,129248
31498,21432,52930
60549,39489,100038
72254,66855,139109
27282,90603,117885
92893,82537,175430
70034,51973,122007
11359,73914,85273
35946,18762,54708
88215,65033,153248
27935,77796,105731
18169,79511,97680
1501,6462,7963
78100,32087,110187
28177,59107,87284
92950,83207,176157
54377,52419,106796
17013,32769,49782
76278,53283,129561
81498,20351,101849
65764,28807,94571
81297,69889,151186
76814,20535,97349
4310,57353,61663
31091,52247,83338
65163,98077,163240
64102,81301,145403
60183,92341,152524
14272,39687,53959
62860,46820,109680
90304,8587,98891
32034,73110,105144
16035,2866,18901
65419,79912,145331
13581,85256,98837
90830,2162,92992
15407,20449,35856
66122,19412,85534
84926,78608,163534
46647,66393,113040
34496,14061,48557
7437,27811,35248
74391,23895,98286
54709,33813,88522
73387,10833,84220
83950,50834,134784
79505,68322,147827
30932,3557,34489
84643,90353,174996
73267,40963,114230
90150,54083,144233
16980,17170,34150
73298,4610,77908
40479,21913,62392
93486,24221,117707
94229,34425,128654
52988,83073,136061
65950,78148,144098
94429,14636,109065
12054,6722,18776
95067,1051,96118
95854,69964,165818
58982,92365,151347
67697,48204,115901
98037,2602,100639
40808,38544,79352
52938,17819,70757
31020,84516,115536
76464,1111,77575
43217,72962,116179
63284,49467,112751
52639,98370,151009
12455,83279,95734
44462,82084,126546
96679,38673,135352
83284,83630,166914
95773,54714,150487
22297,63569,85866
61984,73712,135696
41790,44303,86093
42329,51351,93680
84606,6056,90662
14443,57255,71698
9731,63376,73107
98738,45456,144194
22830,46263,69093
2026,89720,91746
82934,57994,140928
96104,79092,175196
15788,64233,80021
26527,57733,84260
15431,66198,81629
21864,77206,99070
20815,81018,101833
76402,66710,143112
77241,45091,122332
40899,19802,60701
34679,38908,73587
62803,79159,141962
74718,15625,90343
2136,98200,100336
49248,17149,66397
82199,74716,156915
4901,54899,59800
99941,18544,118485
58524,67568,126092
86533,82353,168886
59968,26854,86822
33726,79954,113680
72774,2135,74909
21153,7023,28176
35954,82424,118378
54690,827,55517
93236,79372,172608
87817,56915,144732
65920,1964,67884
63164,89940,153104
59992,89527,149519
47161,97387,144548
56510,822,57332
8670,42652,51322
77638,97799,175437
70494,22726,93220
85764,67998,153762
57572,67074,124646
83546,7319,90865
10057,35330,45387
30608,74515,105123
87196,94957,182153
41876,8308,50184
49327,71053,120380
93182,63211,156393
33585,67740,101325
42961,65692,108653
33582,67848,101430
21202,52305,73507
75387,33789,109176
81541,58899,140440
63279,27099,90378
63809,17973,81782
41357,90208,131565
44114,63804,107918
66151,56364,122515
60638,80329,140967
22051,71129,93180
11387,8951,20338
22294,63740,86034
92087,47188,139275
88392,38705,127097
7398,22174,29572
57672,12635,70307
4024,21820,25844
71295,16943,88238
86560,6688,93248
23283,89657,112940
99337,54791,154128
23273,15813,39086
15696,1668,17364
44425,19767,64192
56999,64483,121482
94241,50294,144535
67439,23371,90810
10620,48318,58938
26052,93989,120041
93178,35750,128928
98001,83772,181773
36833,29001,65834
80553,46155,126708
73138,89625,162763
75721,31530,107251
79028,92613,171641
97380,19949,117329
31943,48848,80791
28694,19012,47706
45519,36867,82386
75055,77996,153051
6374,97661,104035
50723,91151,141874
43085,96800,139885
80522,19466,99988
13602,53643,67245
92122,59414,151536
26142,19540,45682
17310,81479,98789
91255,85453,176708
27298,22973,50271
36539,78185,114724
6719,46928,53647
45593,55547,101140
16557,60578,77135
45523,96983,142506
3969,88784,92753
39605,24219,63824
95810,71729,167539
2603,78295,80898
54762,80485,135247
91677,7476,99153
24543,68579,93122
79966,26280,106246
76488,65234,141722
22474,52228,74702
28825,18647,47472
59984,97729,157713
16675,23627,40302
51330,6915,58245
68346,34947,103293
17433,3888,21321
52004,557,52561
85125,86460,171585
49304,38165,87469
7287,6045,13332
68774,99843,168617
6846,82376,89222
77825,20532,98357
64723,41555,106278
86539,98796,185335
73126,28148,101274
7265,99558,106823
68637,54621,123258
12582,72524,85106
35064,75812,110876
3218,27401,30619
96753,3116,99869
30179,47444,77623
9653,94052,103705
64444,20124,84568
69185,73221,142406
1564,80523,82087
75412,66366,141778
7229,4568,11797
96593,89517,186110
9054,80635,89689
77632,99920,177552
67640,5318,72958
60178,98250,158428
62600,89346,151946
59357,58839,118196
44203,13153,57356
47264,75389,122653
28560,93048,121608
46716,1718,48434
43020,8930,51950
55010,14230,69240
74230,94028,168258
77915,69346,147261
83442,72807,156249
33533,35938,69471
11979,45364,57343
67152,12448,79600
90383,77073,167456
8655,25038,33693
34928,82325,117253
99174,27748,126922
47577,51647,99224
94883,48022,142905
41498,2931,44429
12546,50939,63485
57732,5116,62848
26630,22923,49553
64218,1234,65452
64900,71665,136565
17350,2204,19554
50339,77508,127847
89270,87443,176713
40007,77484,117491
67063,63984,131047
37157,36110,73267
87592,33112,120704
9631,47418,57049
56771,65250,122021
93762,98002,191764
18111,69098,87209
1398,33489,34887
91707,85662,177369
18598,54344,72942
1185,81286,82471
60564,91450,152014
71942,30846,102788
20636,34836,55472
3503,62631,66134
33118,18429,51547
43339,19589,62928
18625,48368,66993
1428,15720,17148
26459,72750,99209
93996,46521,140517
73993,60571,134564
36027,37087,73114
8037,99175,107212
32650,47439,80089
86229,77689,163918
99176,70015,169191
91695,23623,115318
17237,70858,88095
36101,97045,133146
91253,13074,104327
5838,20919,26757
43582,42936,86518
69468,50217,119685
50398,72310,122708
28315,33505,61820
74592,78909,153501
77087,52388,129475
7244,3068,10312
47642,30360,78002
79387,7874,87261
30849,73031,103880
85556,43221,128777
22514,57748,80262
98576,34016,132592
29563,47756,77319
10272,74975,85247
35489,86965,122454
18157,5426,23583
2319,54494,56813
97164,87752,184916
12343,63209,75552
45347,31790,77137
2594,20222,22816
51180,86999,138179
60184,7240,67424
25107,43002,68109
21771,12082,33853
17348,32544,49892
10066,23587,33653
62527,4548,67075
63366,51170,114536
36620,30615,67235
55271,44035,99306
91133,4748,95881
85001,37934,122935
98783,90407,189190
10274,19728,30002
94386,9489,103875
93162,75642,168804
25681,51358,77039
35802,45211,81013
20132,94427,114559
2047,94097,96144
98109,90179,188288
68772,95935,164707
77192,36322,113514
58530,23894,82424
51200,94916,146116
70302,32854,103156
16373,39735,56108
69833,67565,137398
28007,36262,64269
54902,12114,67016
20878,40025,60903
80505,95190,175695
74969,68548,143517
90742,24666,115408
87362,37100,124462
47381,7603,54984
36794,18853,55647
65313,96071,161384
51862,47929,99791
8103,54501,62604
32233,47112,79345
92972,99373,192345
7268,89570,96838
80318,78512,158830
65106,35888,100994
32989,21732,54721
16644,81974,98618
71105,62107,133212
93873,35316,129189
11341,97901,109242
70688,94466,165154
65411,56652,122063
25755,80220,105975
43674,32276,75950
74940,90441,165381
40105,37568,77673
11336,13189,24525
78781,87257,166038
79962,14951,94913
40070,46925,86995
11845,80713,92558
34864,87151,122015
48753,23949,72702
76740,66379,143119
7304,78624,85928
95908,81521,177429
58223,88913,147136
98266,4138,102404
54601,15534,70135
22316,77531,99847
40928,7067,47995
86848,92864,179712
13384,67542,80926
6768,89736,96504
4883,56662,61545
96913,3901,100814
897,62903,63800
4929,9842,14771
49506,44415,93921
86073,46216,132289
54168,60310,114478
66879,61492,128371
84445,5663,90108
51966,1011,52977
17074,79789,96863
29344,6901,36245
55666,18978,74644
66843,76555,143398
35128,44404,79532
42577,60807,103384
45997,31761,77758
9388,77475,86863
70361,66878,137239
80783,31183,111966
52336,11940,64276
52349,74191,126540
59033,9486,68519
13829,95101,108930
62126,60806,122932
55927,60512,116439
3856,37879,41735
721,86496,87217
78355,8030,86385
21660,25112,46772
48437,77166,125603
29518,93216,122734
78454,95463,173917
31530,46310,77840
92416,56300,148716
53135,33056,86191
24070,68634,92704
5964,55992,61956
53154,31761,84915
6851,14724,21575
72500,32695,105195
22359,18934,41293
81917,35658,117575
58696,25850,84546
23673,85661,109334
11292,42373,53665
27860,56902,84762
26445,63229,89674
14208,63989,78197
67648,20427,88075
23918,59624,83542
47859,71094,118953
88317,99309,187626
99568,33445,133013
80212,91724,171936
86813,18121,104934
20557,16408,36965
23070,51926,74996
38131,54799,92930
3430,22624,26054
47657,78607,126264
26323,62847,89170
60946,16577,77523
37295,26003,63298
91850,56260,148110
81745,12232,93977
14425,33343,47768
33294,7184,40478
81866,65041,146907
44918,23980,68898
20947,99764,120711
28884,14713,43597
23055,23935,46990
56470,4597,61067
21587,84451,106038
22880,35551,58431
51637,30961,82598
1935,27515,29450
51386,49300,100686
46091,80985,127076
54025,73776,127801
51239,6333,57572
88290,75867,164157
12762,76051,88813
59311,67007,126318
88405,95222,183627
54870,44614,99484
98608,21382,119990
54203,95095,149298
51227,76033,127260
88074,9032,97106
64803,63113,127916
83924,74309,158233
90712,34789,125501
34305,60437,94742
50247,18593,68840
85569,86964,172533
27340,62,27402
70287,77031,147318
87633,45500,133133
48566,7914,56480
21078,81750,102828
296,46018,46314
27247,47688,74935
20075,32389,52464
20237,62250,82487
57847,97531,155378
93532,36598,130130
37210,7150,44360
50637,93290,143927
30291,48099,78390
69451,66727,136178
78387,33679,112066
80598,59951,140549
70298,46346,116644
77167,30283,107450
19009,56259,75268
39712,3993,43705
63562,92384,155946
264,4751,5015
12396,34597,46993
32584,59429,92013
27808,15793,43601
83796,79412,163208
72527,40092,112619
31891,23986,55877
20655,43465,64120
48580,64731,113311
53672,17778,71450
25284,34728,60012
11396,79101,90497
47068,69869,116937
65269,39848,105117
99021,58802,157823
12145,74349,86494
8818,80571,89389
17278,96470,113748
51612,44998,96610
16547,68385,84932
10220,77888,88108
47094,37948,85042
67869,14146,82015
80742,23938,104680
73799,7736,81535
67105,73257,140362
4476,6339,10815
75286,53772,129058
17450,73973,91423
44212,81647,125859
63595,47227,110822
37145,37379,74524
35261,7927,43188
8727,37078,45805
12685,32087,44772
56074,39196,95270
61574,64362,125936
49755,72704,122459
69227,84534,153761
78270,88528,166798
59731,60749,120480
17441,77976,95417
22827,97687,120514
79909,82050,161959
14540,99999,114539
87409,88062,175471
97977,6626,104603
65397,27396,92793
41788,2132,43920
82728,50181,132909
76065,78031,154096
60832,92774,153606
55283,67178,122461
12923,1848,14771
61858,308,62166
28687,32743,61430
48529,52334,100863
13561,30497,44058
97050,40358,137408
92746,34543,127289
25882,49786,75668
25353,2674,28027
95514,57827,153341
15427,13617,29044
49491,3244,52735
7918,7364,15282
12160,14905,27065
24433,72455,96888
64473,31832,96305
84582,91612,176194
11287,85333,96620
29465,36928,66393
58316,61418,119734
36472,10800,47272
45162,75505,120667
16748,82705,99453
87327,75129,162456
57824,43409,101233
26251,94371,120622
13495,79154,92649
91282,74063,165345
49445,34947,84392
33998,9656,43654
61215,22341,83556
14757,41020,55777
97889,10796,108685
92447,6179,98626
63733,74046,137779
81327,83872,165199
93377,57978,151355
73282,85529,158811
4366,48306,52672
33678,15424,49102
23333,55818,79151
20161,97688,117849
67935,96265,164200
39943,26135,66078
35478,2498,37976
44102,42677,86779
207,69628,69835
48601,82087,130688
19793,12911,32704
96481,28156,124637
43223,41423,84646
24302,71482,95784
21800,1490,23290
56454,80073,136527
57104,83614,140718
50418,62829,113247
63848,91328,155176
94367,74396,168763
26898,7468,34366
28719,14679,43398
673,88764,89437
84855,45329,130184
58817,45597,104414
56360,74703,131063
3719,68345,72064
56430,12440,68870
28450,2212,30662
48305,32974,81279
30609,8159,38768
98112,8875,106987
27512,89634,117146
209,58124,58333
90151,90193,180344
17943,75737,93680
20623,95829,116452
64881,70191,135072
62320,78689,141009
69131,58177,127308
70547,98997,169544
25471,40368,65839
47150,39927,87077
43088,75453,118541
69289,68634,137923
52097,98620,150717
50080,60234,110314
43661,42305,85966
98411,5295,103706
38093,60852,98945
68482,50116,118598
89309,58969,148278
55583,60200,115783
65021,47926,112947
22556,92849,115405
80553,95624,176177
42770,96265,139035
56129,9171,65300
4905,3121,8026
64206,21193,85399
55347,45450,100797
3174,2144,5318
25475,29371,54846
23874,64104,87978
16450,76490,92940
37369,27634,65003
85811,51754,137565
68840,80155,148995
78591,3931,82522
90007,55203,145210
59788,30645,90433
70799,74715,145514
70237,62285,132522
21568,14084,35652
4810,36047,40857
96054,74910,170964
93939,25788,119727
824,55881,56705
24959,20640,45599
8849,82655,91504
82561,24933,107494
16770,90776,107546
62074,35805,97879
9189,85397,94586
10157,29689,39846
43565,82063,125628
50313,83061,133374
42194,38725,80919
21914,67744,89658
27105,26304,53409
35043,1476,36519
35297,51961,87258
3768,45940,49708
74706,75088,149794
78425,63339,141764
41784,77589,119373
37175,52921,90096
82441,81352,163793
47928,74542,122470
43194,22182,65376
62757,29394,92151
87189,28982,116171
52293,97630,149923
12223,77774,89997
13328,81813,95141
20644,89380,110024
99543,79027,178570
43693,24387,68080
74725,61937,136662
48479,4110,52589
68985,63252,132237
75998,5120,81118
82799,51825,134624
75769,79210,154979
6673,48909,55582
11757,71346,83103
14403,29020,43423
91431,61722,153153
99273,47611,146884
42636,47523,90159
63333,96923,160256
5564,3359,8923
61556,42038,103594
62954,60303,123257
35653,61216,96869
53160,26827,79987
48369,66299,114668
88679,21009,109688
47708,86786,134494
33806,93976,127782
89123,7513,96636
5006,59906,64912
43620,11164,54784
40473,62576,103049
96827,56411,153238
20209,94854,115063
85100,32605,117705
64644,48974,113618
81154,56594,137748
70647,76892,147539
8482,23898,32380
58367,58016,116383
32221,66060,98281
51504,83243,134747
85472,35613,121085
19424,9209,28633
62083,57095,119178
17662,45728,63390
42250,90851,133101
62488,61605,124093
73743,13349,87092
40088,87324,127412
27420,48564,75984
88203,64501,152704
84421,18314,102735
2865,70445,73310
54437,63576,118013
95423,55188,150611
44674,14064,58738
15978,43337,59315
8870,20960,29830
24019,3284,27303
22909,9972,32881
35562,71521,107083
68562,15230,83792
23631,86148,109779
45038,78501,123539
66068,79372,145440
8374,97309,105683
75054,65698,140752
89517,4877,94394
24900,56442,81342
59840,40039,99879
37634,66755,104389
83018,33106,116124
53811,59776,113587
9336,84567,93903
86294,38755,125049
5855,58449,64304
14418,79205,93623
60608,40581,101189
82495,1141,83636
37699,77546,115245
61652,25477,87129
9413,11055,20468
5814,394,6208
88855,68559,157414
50759,77921,128680
44644,41535,86179
5316,71431,76747
48686,72713,121399
91262,35051,126313
64660,86500,151160
35465,94538,130003
42591,52209,94800
33159,87529,120688
28033,96443,124476
45553,60076,105629
45921,68986,114907
73509,87950,161459
23697,48675,72372
91890,69876,161766
78454,26377,104831
92711,36963,129674
31286,7489,38775
45675,77880,123555
28733,9748,38481
34457,93279,127736
8204,76158,84362
55473,58063,113536
90502,56888,147390
43670,9931,53601
36824,47094,83918
62799,51457,114256
59278,72119,131397
98595,91886,190481
91841,75375,167216
33904,68675,102579
50775,1440,52215
85602,36197,121799
62117,61884,124001
86930,38552,125482
63199,66187,129386
86962,94745,181707
14626,52821,67447
14890,58133,73023
52132,23165,75297
30478,6549,37027
16692,94461,111153
4730,12339,17069
52036,54896,106932
26736,30693,57429
28908,895,29803
69228,7499,76727
90628,71870,162498
23390,44801,68191
36701,39642,76343
59181,47296,106477
75945,17493,93438
16322,72898,89220
65208,17582,82790
32302,9138,41440
10231,3096,13327
44152,66749,110901
46594,6427,53021
29211,59719,88930
91388,49644,141032
11434,87651,99085
99319,74203,173522
55441,41263,96704
45404,36739,82143
96936,94139,191075
47142,45596,92738
63252,76594,139846
80167,69154,149321
7453,68535,75988
39578,12649,52227
57773,22045,79818
87065,74377,161442
89593,90019,179612
89257,6741,95998
97549,34231,131780
47387,76773,124160
99256,3893,103149
18762,17028,35790
24968,12475,37443
34055,90558,124613
72533,984,73517
32737,32657,65394
2196,14705,16901
22586,93252,115838
5797,42023,47820
9204,12560,21764
82999,8075,91074
91228,37322,128550
81646,72103,153749
53563,94083,147646
18843,24553,43396
61176,20822,81998
1116,13474,14590
91429,88208,179637
87685,18493,106178
4236,42980,47216
52181,96979,149160
53510,30421,83931
75494,17623,93117
35282,32085,67367
42698,75757,118455
95733,52881,148614
20640,98998,119638
98823,90761,189584
95116,93228,188344
14244,13930,28174
64793,66331,131124
1679,71563,73242
40817,7945,48762
78890,23774,102664
50770,94651,145421
80852,80922,161774
4247,49612,53859
80718,29867,110585
45255,48201,93456
40300,73012,113312
69524,7542,77066
23685,86671,110356
15981,63821,79802
58975,605,59580
59082,31512,90594
39572,72377,111949
41080,72903,113983
23536,77947,101483
74114,4894,79008
55893,30591,86484
15913,98775,114688
16168,67489,83657
33886,3177,37063
59148,59792,118940
51974,81825,133799
76467,38731,115198
30042,2616,32658
99142,8964,108106
29789,34050,63839
38175,25840,64015
41319,91644,132963
15386,41442,56828
79250,94841,174091
62145,17595,79740
40900,52959,93859
14351,66534,80885
5803,94397,100200
3505,83428,86933
32324,121,32445
70380,81695,152075
28599,20372,48971
84442,74930,159372
38280,99613,137893
22503,59549,82052
8786,75865,84651
39526,29957,69483
10851,10292,21143
11280,94301,105581
96153,23326,119479
84232,75631,159863
37128,50866,87994
75423,60042,135465
21555,19327,40882
88341,3078,91419
61895,64553,126448
9390,40964,50354
63978,10383,74361
74124,44620,118744
85012,45210,130222
96067,2650,98717
38806,47936,86742
34484,6409,40893
29112,97905,127017
61658,61615,123273
66953,83595,150548
13769,56485,70254
53521,90634,144155
36720,92382,129102
9392,82509,91901
14371,29208,43579
24034,64836,88870
79770,39841,119611
81452,63732,145184
51441,76050,127491
39131,67484,106615
20063,39088,59151
50457,32443,82900
68073,60271,128344
91946,72974,164920
50825,73707,124532
70090,78298,148388
30556,39222,69778
76169,14100,90269
42934,48452,91386
55463,45128,100591
47341,94886,142227
44647,45134,89781
38736,3482,42218
33032,24621,57653
46476,54388,100864
12686,43119,55805
19140,93834,112974
46710,27805,74515
22720,16428,39148
57481,75819,133300
59233,91617,150850
47516,384,47900
66728,1025,67753
27374,64739,92113
17364,98198,115562
71418,86334,157752
28246,33479,61725
89952,15111,105063
86550,25623,112173
26329,56031,82360
16151,11277,27428
51510,8730,60240
5812,92917,98729
45636,40576,86212
66969,21016,87985
29534,66075,95609
29365,42836,72201
74969,57783,132752
59476,73215,132691
83411,63085,146496
20530,23629,44159
75032,49269,124301
2393,26423,28816
4955,42258,47213
92409,78188,170597
17711,78649,96360
58165,54692,112857
61160,35281,96441
64357,79979,144336
29109,75110,104219
51608,90487,142095
34773,69772,104545
94763,65968,160731
78420,14135,92555
22865,59384,82249
79157,55266,134423
65269,50997,116266
37374,66845,104219
3004,60688,63692
95256,23173,118429
7162,47189,54351
77595,52512,130107
86509,10931,97440
81735,16782,98517
96943,49034,145977
83857,89070,172927
64787,86439,151226
65128,60155,125283
70875,3600,74475
53094,59574,112668
85143,2390,87533
70904,50203,121107
3167,33734,36901
85011,80635,165646
10130,85931,96061
76562,65409,141971
33100,71899,104999
13310,11828,25138
43372,69733,113105
61614,23648,85262
72572,95121,167693
40312,91220,131532
68649,58672,127321
2820,77769,80589
25478,33931,59409
67425,65563,132988
13571,67690,81261
45899,10225,56124
98962,69242,168204
87379,76221,163600
61735,51637,113372
65231,48986,114217
58858,81933,140791
21591,13309,34900
9645,12922,22567
49137,12282,61419
63703,57501,121204
36681,98246,134927
31911,63116,95027
24643,21803,46446
65227,4056,69283
65506,83226,148732
26255,53816,80071
91450,62499,153949
50780,28245,79025
20877,93599,114476
26604,55923,82527
70561,93281,163842
39424,36215,75639
41424,89744,131168
76294,52434,128728
14837,48499,63336
84784,2620,87404
20576,10604,31180
73393,73903,147296
68813,93586,162399
9720,43936,53656
9475,27614,37089
90778,56933,147711
17476,10781,28257
85316,72254,157570
61659,31238,92897
60810,35975,96785
41515,58405,99920
21207,23717,44924
62184,71250,133434
34465,86136,120601
37796,55049,92845
71031,60779,131810
39008,77767,116775
74024,80506,154530
61853,31776,93629
31628,39771,71399
7567,97629,105196
88676,59219,147895
85165,5243,90408
52074,75679,127753
29569,86717,116286
56894,10274,67168
53393,94515,147908
10228,14002,24230
20163,32178,52341
10841,20509,31350
88029,35696,123725
8811,92913,101724
42446,79748,122194
94548,94019,188567
76210,44356,120566
20696,70422,91118
48411,55602,104013
79478,2020,81498
99074,27464,126538
37329,37561,74890
12133,80846,92979
20441,60481,80922
68151,93254,161405
68017,41284,109301
23363,52277,75640
46100,71477,117577
22248,32783,55031
43290,82836,126126
68420,29436,97856
50130,95122,145252
92685,63517,156202
3222,58851,62073
32275,51907,84182
74715,838,75553
60734,44084,104818
4344,26189,30533
16915,86747,103662
23599,56672,80271
25712,10139,35851
1017,58407,59424
99764,48309,148073
59756,29778,89534
94380,16714,111094
74211,58461,132672
45211,6668,51879
36996,70511,107507
648,52848,53496
81798,28225,110023
32880,74917,107797
33237,93479,126716
64226,26163,90389
82357,78920,161277
9726,20367,30093
815,39795,40610
18937,5050,23987
93371,28965,122336
27561,15232,42793
92795,51530,144325
26953,85133,112086
85742,3376,89118
39927,69317,109244
70619,96212,166831
96529,87945,184474
69117,49105,118222
4512,47127,51639
40139,67257,107396
99843,48207,148050
77066,99456,176522
18698,97135,115833
18370,57158,75528
98705,78327,177032
25725,69497,95222
58545,75919,134464
85182,27836,113018
27483,1292,28775
51587,39539,91126
25291,69015,94306
80706,63510,144216
26460,82466,108926
93090,31038,124128
4251,43751,48002
49620,7090,56710
78310,14505,92815
56658,53415,110073
28558,68644,97202
22691,99317,122008
75100,46755,121855
19672,78838,98510
98307,61717,160024
82277,32339,114616
69792,97231,167023
65562,74987,140549
7781,35864,43645
88347,5547,93894
74891,51228,126119
34003,82728,116731
95455,81040,176495
66458,45700,112158
2282,94940,97222
37911,77443,115354
88451,35558,124009
7879,99639,107518
16094,62930,79024
57282,2116,59398
22452,66290,88742
72359,94450,166809
3044,86690,89734
852,35498,36350
82052,62699,144751
6000,23924,29924
35136,50288,85424
9981,95493,105474
38748,37434,76182
55097,95280,150377
92159,68674,160833
26978,97195,124173
60527,59802,120329
87546,92208,179754
50484,45270,95754
26080,23086,49166
22640,38277,60917
93908,48098,142006
1339,29188,30527
73108,91401,164509
77688,44232,121920
27672,85265,112937
47195,24848,72043
60063,70497,130560
13916,40619,54535
48604,96013,144617
81901,45665,127566
54999,69040,124039
8968,31842,40810
78125,40882,119007
70117,66276,136393
96702,39869,136571
90232,94648,184880
19403,40374,59777
17724,69590,87314
61388,60772,122160
15117,75808,90925
15813,4349,20162
15339,5346,20685
23493,4516,28009
24246,82389,106635
94935,84782,179717
13244,63877,77121
38572,37015,75587
67608,75279,142887
30222,55469,85691
30249,18684,48933
52025,99704,151729
65375,25239,90614
93428,39550,132978
88963,42364,131327
33998,94804,128802
57990,52137,110127
32014,40362,72376
73694,68175,141869
83221,48598,131819
90961,35411,126372
12768,79182,91950
45467,4072,49539
23465,40859,64324
65931,46160,112091
51358,28485,79843
2173,82958,85131
92974,53974,146948
1844,65811,67655
78343,13640,91983
31216,8519,39735
16377,81626,98003
76712,89364,166076
8328,95469,103797
93025,59389,152414
78698,26367,105065
55685,69376,125061
83269,23728,106997
9298,87335,96633
68987,62921,131908
27029,10846,37875
81579,49756,131335
14940,93605,108545
21858,79885,101743
95724,86988,182712
46914,45899,92813
62136,91792,153928
46451,51809,98260
60734,87334,148068
14724,71865,86589
40113,1010,41123
34984,19157,54141
64605,82029,146634
99308,56304,155612
71273,39470,110743
1103,70328,71431
87545,43957,131502
99631,35462,135093
73062,55227,128289
30487,35638,66125
10716,88383,99099
90990,31126,122116
67117,44430,111547
44009,78022,122031
50699,63836,114535
18857,78946,97803
17927,64812,82739
10661,36234,46895
79891,35234,115125
87088,64492,151580
12825,34319,47144
37524,84884,122408
68150,45790,113940
86415,15948,102363
44713,20966,65679
95799,78414,174213
65621,12142,77763
14063,18088,32151
85089,56310,141399
80109,92853,172962
40180,84154,124334
99400,5605,105005
63307,41682,104989
23711,5495,29206
8839,61393,70232
24728,42329,67057
53061,52506,105567
88293,58650,146943
11868,48026,59894
96649,41759,138408
5828,6464,12292
18124,60157,78281
62606,6345,68951
45302,20292,65594
493,54578,55071
87485,38900,126385
30363,96271,126634
95778,80272,176050
63433,29064,92497
74434,34882,109316
98638,20731,119369
64702,93540,158242
15771,50896,66667
15238,23756,38994
19492,57705,77197
13847,36141,49988
28572,4469,33041
11574,49554,61128
28544,41956,70500
64083,17148,81231
76496,54362,130858
28330,27577,55907
69786,55445,125231
68127,13694,81821
22357,48987,71344
54967,76353,131320
17352,63265,80617
42869,82277,125146
58190,1696,59886
95663,51816,147479
60229,15018,75247
32652,11612,44264
82218,31291,113509
34532,65379,99911
53838,28955,82793
80348,10215,90563
17383,65785,83168
53959,86465,140424
89666,87202,176868
60499,19793,80292
93818,52779,146597
28581,17314,45895
82970,57536,140506
10136,64106,74242
6969,91006,97975
53113,30734,83847
379,84544,84923
60475,26908,87383
75123,84707,159830
61731,43601,105332
3100,91783,94883
20843,14690,35533
61230,40859,102089
65304,51491,116795
66420,8793,75213
57047,58059,115106
9841,14806,24647
97362,68476,165838
29004,37488,66492
2385,77656,80041
49798,24651,74449
32192,40629,72821
1154,22807,23961
3283,27193,30476
56014,72633,128647
99457,12408,111865
11712,13060,24772
92721,40271,132992
33770,71742,105512
11883,84814,96697
56636,34954,91590
80207,25988,106195
72278,22574,94852
23530,24404,47934
75556,41098,116654
29598,6984,36582
7052,76916,83968
25990,97836,123826
41674,94663,136337
77389,81114,158503
89570,48467,138037
26168,21475,47643
24512,44861,69373
15039,2192,17231
68040,90918,158958
77155,642,77797
76512,92171,168683
87620,69832,157452
23929,58597,82526
41586,92160,133746
65902,44195,110097
21324,98190,119514
44960,77453,122413
6924,8940,15864
35795,68262,104057
47643,55442,103085
85337,89162,174499
86058,41643,127701
81716,27120,108836
77219,55949,133168
88526,37222,125748
80483,82932,163415
33931,20621,54552
61065,47588,108653
63556,99780,163336
61575,94238,155813
9304,1657,10961
96086,78880,174966
91966,75313,167279
15569,85062,100631
51945,34803,86748
18225,47820,66045
84582,60689,145271
46133,35945,82078
24567,66082,90649
73936,95639,169575
24469,36575,61044
10885,78952,89837
4597,2748,7345
75420,93044,168464
56514,40184,96698
10177,3787,13964
68950,51603,120553
82498,33933,116431
30252,54453,84705
43081,28026,71107
50075,50238,100313
39041,89138,128179
2816,82031,84847
31424,7308,38732
84937,83272,168209
73381,91385,164766
28006,94756,122762
56638,25820,82458
63034,62881,125915
80400,84324,164724
6418,76895,83313
76813,31448,108261
20610,15930,36540
53721,1275,54996
63825,32076,95901
867,23731,24598
73544,10710,84254
10587,45464,56051
37323,74293,111616
46505,76552,123057
45595,89324,134919
37077,67422,104499
12261,7803,20064
18320,78237,96557
83312,48807,132119
64281,22726,87007
45501,41722,87223
8170,17571,25741
48447,43080,91527
7771,20372,28143
99043,66487,165530
97292,67164,164456
8408,8664,17072
61342,80802,142144
53900,56928,110828
16127,21763,37890
99241,26867,126108
65222,4768,69990
92004,55369,147373
52943,13247,66190
48499,95102,143601
52581,77470,130051
77639,26159,103798
47803,71156,118959
94065,82074,176139
41855,79706,121561
48532,53850,102382
3433,68174,71607
96726,69901,166627
46017,81819,127836
6539,73766,80305
1276,95346,96622
37987,35976,73963
56490,57857,114347
48567,65205,113772
28526,3479,32005
47504,45409,92913
20675,13283,33958
2642,82731,85373
85263,21227,106490
38800,86395,125195
85823,85561,171384
12198,89730,101928
24468,7080,31548
32865,70154,103019
32786,87838,120624
51390,23590,74980
13289,12607,25896
23774,60112,83886
35260,24873,60133
78378,44770,123148
51905,91323,143228
80999,94590,175589
64866,42804,107670
15474,22129,37603
69127,87595,156722
40810,6155,46965
2026,5594,7620
64779,96539,161318
9134,79644,88778
37644,43715,81359
97173,86875,184048
65516,88200,153716
78273,88672,166945
81393,14035,95428
232,40639,40871
93122,79262,172384
70904,59634,130538
30113,46797,76910
11532,19717,31249
38452,97835,136287
88677,76583,165260
79355,51045,130400
75878,73571,149449
56890,46931,103821
46024,90864,136888
95110,43562,138672
65397,41153,106550
74575,36811,111386
75846,87103,162949
44975,20729,65704
34662,95033,129695
34570,20269,54839
71762,67958,139720
2267,82584,84851
27198,51401,78599
8929,40434,49363
54616,8116,62732
23788,75408,99196
97453,11492,108945
61924,88337,150261
99878,26979,126857
13126,79963,93089
64609,71870,136479
21940,73321,95261
68861,11854,80715
25648,25771,51419
36951,80703,117654
93326,52569,145895
59169,76491,135660
61475,26911,88386
63389,42517,105906
94360,58540,152900
42030,2044,44074
37415,52337,89752
87949,4307,92256
10836,55522,66358
4147,28033,32180
48450,65895,114345
87746,62675,150421
7976,984,8960
40180,15556,55736
725,37475,38200
66034,86035,152069
63410,21352,84762
75591,70644,146235
2656,38691,41347
38777,55376,94153
41318,53527,94845
41631,84719,126350
41105,85367,126472
94925,1235,96160
26703,53550,80253
85416,61251,146667
95076,6408,101484
27305,76793,104098
80442,61098,141540
21124,4637,25761
58354,8366,66720
17110,39764,56874
1147,46091,47238
14059,37474,51533
85810,83014,168824
56840,84681,141521
85190,49629,134819
59751,99423,159174
34494,13453,47947
39038,11064,50102
25607,85490,111097
92572,73196,165768
9379,78184,87563
32331,40591,72922
48259,32458,80717
28156,77285,105441
21096,90075,111171
395,36919,37314
52819,90180,142999
24354,88517,112871
37945,68518,106463
26206,52561,78767
86336,53823,140159
39383,94108,133491
35048,53717,88765
9127,5136,14263
91326,36684,128010
38517,5267,43784
98421,74038,172459
29361,26190,55551
18136,62992,81128
21216,42131,63347
2213,76225,78438
68788,81820,150608
31968,78230,110198
6887,77652,84539
94323,36082,130405
53764,23656,77420
63558,17874,81432
15808,17520,33328
65534,40193,105727
99361,32277,131638
83663,71887,155550
98472,24847,123319
32888,92209,125097
26132,92727,118859
69600,59038,128638
86829,32917,119746
27798,94400,122198
260,62503,62763
27990,18562,46552
46220,89830,136050
43712,45207,88919
37455,32265,69720
17472,45549,63021
93534,89135,182669
67217,55650,122867
93718,70933,164651
89406,73305,162711
41275,42834,84109
17185,64829,82014
75416,90730,166146
742,99595,100337
77969,41521,119490
72924,98834,171758
17568,95918,113486
59745,42302,102047
91871,26307,118178
90762,9874,100636
15179,97190,112369
49334,56646,105980
1272,69639,70911
9210,59111,68321
48942,30815,79757
18973,25590,44563
46755,83663,130418
77464,82692,160156
52115,60232,112347
3635,22593,26228
35575,25994,61569
34377,55743,90120
82186,84039,166225
77860,30122,107982
13264,93913,107177
38471,81933,120404
90779,22742,113521
37737,6500,44237
25910,79150,105060
49586,64880,114466
30803,43038,73841
94215,13828,108043
24670,58496,83166
49267,49567,98834
56635,90882,147517
87872,10476,98348
21968,69520,91488
84048,57224,141272
76317,87856,164173
77032,39636,116668
75537,82307,157844
29671,63063,92734
87618,35211,122829
86406,67540,153946
27687,70664,98351
30727,70604,101331
81980,60966,142946
87169,25361,112530
96416,45135,141551
16715,54201,70916
26550,34644,61194
23121,8252,31373
53645,26708,80353
21643,24900,46543
8765,91002,99767
14240,87810,102050
42766,45028,87794
77252,64956,142208
57392,28405,85797
23987,92814,116801
38205,70462,108667
56024,11925,67949
53962,66937,120899
56258,29099,85357
78135,27254,105389
50207,62274,112481
21534,16532,38066
27737,10752,38489
76551,14756,91307
37690,62364,100054
10332,45264,55596
12289,4847,17136
16669,71378,88047
72071,91034,163105
35727,36519,72246
13100,69339,82439
34964,71934,106898
67642,43725,111367
67155,89161,156316
69986,53968,123954
8785,64106,72891
40382,87880,128262
95893,39538,135431
8297,72203,80500
9678,39722,49400
35223,70982,106205
34701,99237,133938
49004,82060,131064
92184,36445,128629
19387,59766,79153
5381,6043,11424
86452,35536,121988
25583,41534,67117
14041,54137,68178
80957,3541,84498
76444,86199,162643
58875,86007,144882
9597,879,10476
73035,73960,146995
42958,43443,86401
94043,4979,99022
55765,81004,136769
71120,82838,153958
38672,30460,69132
94891,10244,105135
60161,37983,98144
31497,44962,76459
61165,52160,113325
579,90585,91164
79462,86866,166328
57351,22945,80296
89625,35612,125237
14444,82562,97006
94501,46289,140790
57817,79340,137157
12864,22878,35742
85358,70696,156054
83422,24796,108218
7974,70564,78538
91885,53864,145749
43818,29017,72835
33644,35581,69225
77332,64968,142300
23703,6409,30112
33075,5582,38657
10901,45865,56766
84428,40883,125311
14820,27221,42041
59819,74609,134428
30807,11176,41983
19115,5392,24507
91127,58935,150062
82040,52293,134333
32101,43460,75561
53197,67603,120800
60861,86874,147735
13069,67153,80222
11757,54766,66523
88968,6247,95215
42267,61110,103377
65096,77087,142183
74349,12260,86609
6069,48224,54293
89393,48833,138226
15894,8913,24807
93080,86400,179480
95551,59930,155481
60543,6143,66686
11633,10816,22449
62835,5766,68601
30480,91732,122212
80162,75755,155917
67746,71151,138897
63584,65594,129178
73007,4743,77750
76810,43585,120395
80633,57909,138542
6047,67305,73352
34546,42873,77419
6648,73115,79763
15016,31089,46105
71020,59085,130105
9395,91849,101244
8227,13995,22222
1412,72300,73712
94122,69865,163987
65606,5537,71143
46428,72714,119142
93447,53433,146880
6717,56051,62768
67763,52200,119963
861,89237,90098
98857,24194,123051
24185,51988,76173
56152,19949,76101
79831,23476,103307
40766,92661,133427
25296,52888,78184
96853,68690,165543
77587,22770,100357
7501,45752,53253
53646,45287,98933
79164,77547,156711
99195,49344,148539
32529,80508,113037
39683,45509,85192
71170,15009,86179
92239,10142,102381
51984,73362,125346
56730,78263,134993
65925,38973,104898
64262,16047,80309
41400,54783,96183
18509,72417,90926
9104,69275,78379
69348,50260,119608
68060,56304,124364
70824,67964,138788
64442,72577,137019
8716,60799,69515
97873,50968,148841
48978,15515,64493
15635,22221,37856
95604,97099,192703
58137,34331,92468
68181,27174,95355
84559,42239,126798
59658,14123,73781
23196,67930,91126
66200,28040,94240
50545,97190,147735
11117,19702,30819
91144,96211,187355
62035,53690,115725
67184,96239,163423
87027,45857,132884
72174,67548,139722
18547,40224,58771
6125,48853,54978
42812,20122,62934
37279,30124,67403
42078,74778,116856
92588,71655,164243
78129,9825,87954
26956,93981,120937
79777,72285,152062
74562,88395,162957
35601,94837,130438
44709,37528,82237
25186,32889,58075
65052,88554,153606
57057,43897,100954
24064,53423,77487
72709,30376,103085
6854,41214,48068
84980,63814,148794
23692,65848,89540
80961,24271,105232
63088,99594,162682
17374,56545,73919
65226,84133,149359
55414,6308,61722
64840,47024,111864
22492,85433,107925
27784,65925,93709
27748,93749,121497
89520,35461,124981
29651,87350,117001
37330,96177,133507
51604,52950,104554
80352,14427,94779
35704,48433,84137
41034,43856,84890
44192,36877,81069
24274,57159,81433
57914,18055,75969
16766,85467,102233
66819,33112,99931
95932,50817,146749
10419,58111,68530
474,67989,68463
87165,60335,147500
88020,71825,159845
4665,85800,90465
87305,50802,138107
1399,58459,59858
60662,61253,121915
73635,11447,85082
19384,690,20074
39046,58129,97175
29218,77212,106430
44397,97178,141575
30353,63646,93999
1568,81705,83273
56812,29174,85986
40019,36162,76181
99818,52927,152745
14005,58153,72158
76306,72096,148402
66855,47571,114426
19049,28065,47114
51188,48926,100114
58378,56721,115099
13714,23330,37044
85794,41902,127696
96518,14318,110836
99542,596,100138
2229,88152,90381
26704,13694,40398
33846,45198,79044
9940,78937,88877
67380,80172,147552
81632,247,81879
57497,96001,153498
10170,83909,94079
52594,65281,117875
59785,13980,73765
98532,44521,143053
85436,23197,108633
65319,66327,131646
59099,6788,65887
485,43989,44474
3739,15181,18920
80569,66854,147423
22174,16560,38734
70922,25318,96240
50935,15402,66337
96281,70085,166366
95590,72967,168557
72800,75694,148494
457,49047,49504
60296,54320,114616
80706,68328,149034
51394,44745,96139
33774,19371,53145
77798,74288,152086
92604,78431,171035
62559,22077,84636
97720,615,98335
72688,36522,109210
62229,66538,128767
77578,9665,87243
88474,46415,134889
7231,34234,41465
38163,99602,137765
60972,14436,75408
98653,33231,131884
21333,52078,73411
48126,32502,80628
72200,74583,146783
75290,81988,157278
42998,7222,50220
55678,15486,71164
87259,59865,147124
78005,26056,104061
100000,42684,142684
25108,21109,46217
17871,83731,101602
35997,20420,56417
87482,83633,171115
9363,56825,66188
97220,62892,160112
8798,21312,30110
47097,95853,142950
81186,26675,107861
68418,12322,80740
27798,90470,118268
3196,6930,10126
96513,21468,117981
5648,58519,64167
39228,16796,56024
97171,27052,124223
32651,81268,113919
97810,56049,153859
25968,75267,101235
84191,2529,86720
42578,8925,51503
27006,73618,100624
6716,84792,91508
29220,59820,89040
6242,82016,88258
64764,25070,89834
81000,66872,147872
39395,24653,64048
31126,78537,109663
43582,66297,109879
15977,74897,90874
56930,62154,119084
60358,62929,123287
75458,5354,80812
19150,32247,51397
48436,22398,70834
17604,30091,47695
99517,52077,151594
53381,3252,56633
2846,52840,55686
94368,25564,119932
71737,788,72525
7789,79914,87703
64106,9768,73874
25214,70035,95249
98683,14218,112901
7600,13402,21002
13852,45793,59645
17845,70846,88691
27511,79870,107381
68549,58062,126611
18368,16723,35091
55109,67805,122914
47222,60578,107800
22098,16824,38922
8058,13395,21453
95368,37641,133009
88940,40707,129647
66492,69855,136347
39018,58729,97747
6914,80961,87875
38954,38680,77634
58035,99579,157614
92434,2320,94754
34833,72025,106858
79993,53220,133213
41535,59273,100808
84026,58605,142631
15561,77981,93542
29990,62561,92551
91748,38149,129897
23632,39462,63094
19046,35441,54487
78136,62329,140465
89536,34453,123989
45579,94577,140156
51194,68551,119745
19736,88350,108086
74210,94392,168602
95764,31094,126858
95873,27162,123035
87333,23432,110765
27787,63124,90911
50275,95239,145514
63807,77197,141004
83599,80565,164164
27945,24691,52636
26153,7209,33362
454,10199,10653
1520,9436,10956
57083,51157,108240
21808,39269,61077
85652,80385,166037
40954,22266,63220
79135,64594,143729
78340,12027,90367
14764,86155,100919
64887,75432,140319
33371,23479,56850
9071,93713,102784
57113,95772,152885
36115,57443,93558
28486,17086,45572
79120,26418,105538
53244,44144,97388
35521,34420,69941
26162,14061,40223
100,59936,60036
9003,24695,33698
8420,63584,72004
73606,92655,166261
90295,58269,148564
90958,4998,95956
66862,83062,149924
90832,12068,102900
71585,84352,155937
44692,87795,132487
49016,5812,54828
32277,89579,121856
16377,76704,93081
57965,4942,62907
26879,52443,79322
10773,76671,87444
10073,51185,61258
21081,79278,100359
78817,95308,174125
98628,46263,144891
84373,22956,107329
13020,41860,54880
49890,66286,116176
64506,12981,77487
19479,86938,106417
31028,71207,102235
16219,9330,25549
95262,41346,136608
44211,57031,101242
10011,42683,52694
29546,17768,47314
56714,95382,152096
84042,94567,178609
60863,14418,75281
21458,80713,102171
29949,59753,89702
94262,11219,105481
35519,44242,79761
850,53114,53964
162,37004,37166
18328,5861,24189
23405,87716,111121
1709,10496,12205
72624,94842,167466
7273,10695,17968
43123,316,43439
7852,81677,89529
99554,59838,159392
67881,87962,155843
77737,253,77990
92342,51026,143368
75328,52558,127886
10004,84906,94910
48123,97188,145311
85487,86383,171870
31924,62938,94862
25517,81988,107505
50073,99529,149602
23744,78068,101812
90599,43041,133640
17168,22139,39307
91112,59623,150735
78195,49787,127982
29948,65808,95756
33379,18572,51951
57885,50234,108119
693,1130,1823
71312,72731,144043
38339,84383,122722
35101,81450,116551
9912,64609,74521
20098,96048,116146
37111,10836,47947
14092,6439,20531
13390,83333,96723
20926,93548,114474
41751,29860,71611
48465,62500,110965
72147,71581,143728
6085,18,6103
7055,65449,72504
36400,16466,52866
18683,63405,82088
82960,81539,164499
49049,3527,52576
56141,72210,128351
79521,51542,131063
34249,17230,51479
28918,43322,72240
13390,40094,53484
1202,50378,51580
58277,33115,91392
19627,68537,88164
10708,66887,77595
61785,76231,138016
78643,38879,117522
3176,25122,28298
63239,81948,145187
31364,48964,80328
77709,15572,93281
98517,23422,121939
55637,73415,129052
95906,64998,160904
96393,11298,107691
53798,70943,124741
76138,40595,116733
5936,60175,66111
13733,97956,111689
23548,71688,95236
70941,61794,132735
52635,88089,140724
47017,97697,144714
4608,21506,26114
80796,88242,169038
69427,46647,116074
3605,41661,45266
11902,42811,54713
16109,14778,30887
45307,93025,138332
66804,3931,70735
52972,21743,74715
99859,14243,114102
7857,97049,104906
43285,7177,50462
92494,21832,114326
17224,18503,35727
25252,48813,74065
1981,38416,40397
16608,13423,30031
13778,68433,82211
15197,72748,87945
26555,37129,63684
69313,28828,98141
50953,60711,111664
82973,28222,111195
50052,60773,110825
65302,68932,134234
91579,44019,135598
85453,24614,110067
4880,71190,76070
50966,46981,97947
99500,24174,123674
96735,77921,174656
61260,68838,130098
59358,56040,115398
53683,93210,146893
99561,86410,185971
48313,44039,92352
89831,64580,154411
73187,14634,87821
5180,92341,97521
11074,93705,104779
59750,34377,94127
36294,81552,117846
81508,90190,171698
90644,23304,113948
10648,89034,99682
77225,18250,95475
93734,88274,182008
38914,55269,94183
67622,16129,83751
1555,48156,49711
48949,66598,115547
25335,32621,57956
43726,29368,73094
98317,74225,172542
33755,35717,69472
89944,58257,148201
7761,6310,14071
13286,61133,74419
19346,45294,64640
58578,88886,147464
97956,475,98431
40416,59932,100348
13170,88767,101937
88272,38648,126920
26418,74668,101086
64989,30479,95468
379,48955,49334
94046,96335,190381
80265,93119,173384
74805,98928,173733
36882,72296,109178
3242,18806,22048
67490,9078,76568
61804,61519,123323
6634,38503,45137
97549,15844,113393
85844,11761,97605
93943,4326,98269
72167,39903,112070
17647,2916,20563
24282,90230,114512
95692,12242,107934
70315,94909,165224
7352,63285,70637
63643,25940,89583
70264,25118,95382
80819,38171,118990
17570,80733,98303
1441,37050,38491
20356,72352,92708
237,26213,26450
64799,44956,109755
14418,23678,38096
89925,28429,118354
10319,17593,27912
58863,7784,66647
70496,51204,121700
97082,43287,140369
8409,88500,96909
84313,57577,141890
96776,76101,172877
83806,26536,110342
28146,12205,40351
77771,83056,160827
78220,46768,124988
6683,69526,76209
88571,65910,154481
88583,18098,106681
51465,93640,145105
11598,63397,74995
12517,33418,45935
40773,84764,125537
32546,61562,94108
37322,56569,93891
53343,39775,93118
38475,67880,106355
13335,584,13919
27095,79745,106840
4984,5185,10169
28813,73066,101879
11461,99414,110875
45275,83104,128379
95950,93499,189449
50945,11151,62096
62938,24025,86963
41121,43411,84532
39240,99288,138528
90629,66281,156910
44347,9469,53816
1828,48667,50495
97885,21426,119311
11649,71207,82856
11504,57434,68938
98347,77049,175396
78262,71388,149650
66058,3244,69302
31483,52516,83999
2073,9254,11327
40609,15840,56449
21566,83741,105307
62016,32721,94737
23608,10167,33775
80290,56948,137238
47813,97760,145573
93857,83802,177659
39139,18496,57635
46177,65276,111453
39686,53438,93124
96359,93104,189463
22683,77611,100294
8086,38249,46335
98405,79178,177583
60413,71989,132402
34184,63797,97981
51905,94816,146721
94058,30615,124673
15150,79718,94868
35539,64043,99582
52410,28682,81092
91587,88102,179689
99634,91353,190987
36618,31803,68421
64877,28718,93595
35503,95235,130738
71430,59740,131170
4197,43154,47351
62064,58039,120103
68870,18164,87034
12204,1691,13895
93672,66938,160610
20682,1653,22335
84149,74467,158616
58092,41297,99389
45499,81952,127451
80643,97514,178157
96065,11853,107918
89738,64529,154267
50362,93678,144040
4057,10236,14293
46948,72465,119413
52329,15096,67425
38529,81745,120274
10662,93888,104550
3919,67400,71319
33645,75271,108916
4436,37381,41817
78947,48344,127291
7154,11921,19075
68509,49500,118009
83008,33126,116134
30559,74082,104641
94325,80099,174424
20718,38423,59141
51653,82696,134349
9501,67746,77247
96691,90392,187083
52237,43762,95999
72581,71635,144216
38638,72558,111196
68743,59414,128157
28314,73959,102273
54138,2161,56299
55809,35982,91791
27502,44625,72127
73118,11347,84465
68047,65181,133228
77483,28518,106001
34472,1912,36384
54240,27200,81440
56526,71927,128453
88213,15266,103479
76474,86329,162803
46933,9496,56429
52948,53880,106828
86970,85757,172727
13334,38948,52282
65531,63446,128977
9812,46347,56159
24917,71665,96582
97396,61154,158550
32269,79449,111718
44166,24255,68421
88769,35767,124536
48570,91221,139791
85834,86218,172052
10239,12459,22698
39921,2388,42309
91357,18979,110336
85678,94581,180259
91601,46979,138580
18717,57561,76278
55574,58012,113586
58190,16173,74363
68737,59596,128333
81069,63154,144223
1843,70597,72440
25182,6325,31507
33648,46336,79984
3919,63852,67771
61216,66809,128025
73617,38337,111954
57287,72419,129706
578,94196,94774
11496,11110,22606
90040,48907,138947
70508,77365,147873
49070,55799,104869
25873,93626,119499
96713,56552,153265
95687,30625,126312
51602,58182,109784
76414,9573,85987
75592,76854,152446
48126,27533,75659
1604,80111,81715
64128,31823,95951
65569,91987,157556
20611,17588,38199
85696,7174,92870
20753,27764,48517
72416,90636,163052
15193,22246,37439
88508,15056,103564
3421,94388,97809
1484,78449,79933
67992,631,68623
2442,77733,80175
37725,94407,132132
39403,21077,60480
71790,36723,108513
95125,4113,99238
65763,5722,71485
96343,27721,124064
10494,77533,88027
39755,78881,118636
70265,71238,141503
57367,24785,82152
85660,92978,178638
85874,94364,180238
52195,73056,125251
24609,12654,37263
81397,18301,99698
51323,2092,53415
21816,97777,119593
91061,6610,97671
73426,98601,172027
36344,39076,75420
44266,95587,139853
44861,69164,114025
40840,51015,91855
54041,3432,57473
13859,74670,88529
1537,93610,95147
57728,59427,117155
95769,86587,182356
39302,38457,77759
35649,68907,104556
45003,33032,78035
49007,9488,58495
37136,14910,52046
8862,22843,31705
21063,43400,64463
23569,72515,96084
99667,36517,136184
16088,59573,75661
31521,74278,105799
72411,49841,122252
1292,2734,4026
17417,3039,20456
53746,73009,126755
39660,35337,74997
94798,26900,121698
79138,9509,88647
65828,6012,71840
9750,7961,17711
37559,43046,80605
77841,45909,123750
3478,71508,74986
66451,38571,105022
74163,99267,173430
86947,50181,137128
36661,79031,115692
55480,19548,75028
22438,3360,25798
76202,2974,79176
84377,86138,170515
90831,68070,158901
18174,12211,30385
87080,98285,185365
81154,22538,103692
62538,46036,108574
49079,795,49874
97057,50991,148048
78766,45238,124004
94954,92244,187198
73716,79522,153238
80347,56374,136721
85988,60604,146592
67785,99881,167666
90224,79470,169694
13449,25728,39177
5311,14031,19342
59093,80945,140038
26690,39043,65733
14599,15923,30522
82912,3215,86127
17031,9594,26625
9783,47393,57176
28334,19958,48292
10651,11788,22439
75875,42835,118710
61120,57051,118171
33719,6564,40283
92595,1102,93697
56038,78497,134535
58530,21235,79765
43587,53140,96727
98912,90191,189103
98360,95638,193998
89176,30028,119204
23457,38016,61473
885,75037,75922
85449,9253,94702
68914,93008,161922
62970,86761,149731
71166,6665,77831
40685,32149,72834
42548,15631,58179
67785,42724,110509
99320,91406,190726
94103,14838,108941
46828,72474,119302
46136,38717,84853
45637,11189,56826
41523,50446,91969
33983,59500,93483
51582,20718,72300
80965,83723,164688
1824,45469,47293
66541,33071,99612
74081,77307,151388
96489,65631,162120
76605,14666,91271
49994,9477,59471
32686,79722,112408
28405,37414,65819
81549,25565,107114
88957,27895,116852
65358,80578,145936
88256,45056,133312
99590,82660,182250
99398,44395,143793
71370,21944,93314
92475,99478,191953
42143,49604,91747
40500,95198,135698
13309,31451,44760
36342,48289,84631
16833,70309,87142
45626,54631,100257
95133,62553,157686
53773,24166,77939
23024,41143,64167
48866,58958,107824
99868,37785,137653
3296,94561,97857
70774,50915,121689
60730,81294,142024
24779,84922,109701
785,36086,36871
78782,31490,110272
66379,50117,116496
30464,95161,125625
83701,96209,179910
66589,18644,85233
48214,16965,65179
11222,83903,95125
90401,95856,186257
56902,60589,117491
26643,80207,106850
24659,6176,30835
6096,70809,76905
77481,77665,155146
63593,30787,94380
31817,85319,117136
10543,54706,65249
72585,643,73228
81390,84394,165784
75279,355,75634
47090,93730,140820
79022,20431,99453
66889,9794,76683
25701,4699,30400
25573,56775,82348
27807,40100,67907
5390,84322,89712
71383,19857,91240
70529,90208,160737
58702,17776,76478
91199,59648,150847
18727,97592,116319
74925,12212,87137
48014,41924,89938
41296,8626,49922
91127,623,91750
41174,98385,139559
32389,73632,106021
78471,86163,164634
30612,70358,100970
75768,56303,132071
70726,50511,121237
61800,31042,92842
59879,70553,130432
61364,53924,115288
68977,24452,93429
57873,78623,136496
49571,56331,105902
82870,8461,91331
23317,21774,45091
36813,92284,129097
56449,75912,132361
45182,72571,117753
8310,31078,39388
18736,76941,95677
38559,64973,103532
47609,34995,82604
72962,7263,80225
23324,13855,37179
24254,68062,92316
62941,94203,157144
34740,8624,43364
662,41513,42175
86800,1679,88479
27806,44094,71900
91302,87792,179094
35048,16471,51519
32552,57591,90143
45817,52793,98610
66085,30195,96280
98722,80972,179694
3404,2554,5958
68299,25502,93801
81269,93167,174436
44909,58913,103822
26986,43163,70149
1924,48054,49978
19912,99790,119702
53939,18382,72321
15239,88547,103786
78258,79655,157913
12272,5776,18048
27447,92491,119938
21064,92218,113282
9709,2115,11824
15919,77401,93320
24276,7035,31311
7940,7572,15512
85201,3725,88926
24779,76580,101359
97231,82852,180083
49331,97773,147104
54055,23177,77232
3080,29417,32497
25443,35564,61007
57462,19165,76627
78596,6302,84898
24418,56371,80789
53341,74533,127874
31503,38453,69956
75896,64432,140328
67305,71303,138608
41815,52132,93947
46146,20400,66546
9694,42665,52359
29331,14898,44229
45747,95116,140863
20162,67791,87953
32076,75225,107301
59439,30787,90226
12184,73074,85258
56843,4748,61591
13675,4247,17922
5715,84535,90250
13605,60304,73909
86912,95307,182219
13592,84249,97841
52157,38203,90360
74214,56813,131027
75475,54908,130383
94734,38930,133664
63454,67662,131116
31796,15192,46988
77184,53209,130393
95071,12969,108040
92700,77223,169923
92850,40099,132949
52336,55780,108116
43091,70169,113260
83930,22622,106552
88692,10424,99116
30849,89708,120557
83735,26553,110288
47203,77717,124920
4147,77376,81523
4117,79082,83199
45452,75337,120789
40487,82742,123229
44888,60988,105876
81899,66899,148798
21558,2748,24306
66520,92480,159000
5294,9229,14523
3595,53615,57210
22295,33875,56170
58299,54741,113040
90695,75251,165946
81580,99916,181496
69472,50869,120341
27202,65692,92894
48922,40854,89776
89020,76875,165895
30136,78238,108374
81304,95692,176996
60842,43729,104571
10546,3777,14323
95,37013,37108
65738,90250,155988
57957,50420,108377
77743,1818,79561
20666,17743,38409
6929,62621,69550
68792,60949,129741
75033,11388,86421
98184,92113,190297
98625,724,99349
94206,62871,157077
75969,81369,157338
38183,23375,61558
40043,54020,94063
59039,63177,122216
78790,66493,145283
79555,7707,87262
55179,56275,111454
7691,97833,105524
54431,66991,121422
70926,38645,109571
30482,32598,63080
53077,75122,128199
70272,25485,95757
16998,93082,110080
46206,14778,60984
20091,50402,70493
38842,59109,97951
63013,86350,149363
56047,23469,79516
12563,13508,26071
59111,14790,73901
98287,5282,103569
92947,61119,154066
92558,46286,138844
21953,66965,88918
33522,16006,49528
17173,23576,40749
19393,3506,22899
89306,72257,161563
57755,16247,74002
41032,50789,91821
10324,86467,96791
12680,28501,41181
17402,3788,21190
78523,32400,110923
52701,96842,149543
1112,88238,89350
83708,38382,122090
9976,8750,18726
96492,27792,124284
25872,18509,44381
85131,91801,176932
33667,15683,49350
7731,93645,101376
49127,87087,136214
36992,81672,118664
86850,27520,114370
77748,18611,96359
84384,50879,135263
88607,45231,133838
52004,67477,119481
99296,38687,137983
75057,43111,118168
31711,19412,51123
31474,3787,35261
17590,55856,73446
41027,64522,105549
37695,42081,79776
49714,7617,57331
33081,98756,131837
703,19557,20260
82717,42298,125015
51728,93153,144881
99540,73716,173256
97679,57748,155427
42076,70580,112656
504,48618,49122
31063,83977,115040
39666,58114,97780
44793,27623,72416
11958,4142,16100
56380,13565,69945
34233,82575,116808
44611,53587,98198
38566,88617,127183
49219,43377,92596
58537,6205,64742
20398,48124,68522
66163,28374,94537
58113,16945,75058
59692,35630,95322
94752,93137,187889
91573,11702,103275
41726,45399,87125
25118,78091,103209
68188,78965,147153
69219,96105,165324
67232,30000,97232
30962,95270,126232
77744,30208,107952
17757,24219,41976
2789,51971,54760
31994,67468,99462
55390,87136,142526
185,81623,81808
85367,86986,172353
32538,36035,68573
17234,72024,89258
9586,15078,24664
67767,66051,133818
91413,5325,96738
6555,43048,49603
22389,61580,83969
86086,88034,174120
45664,62911,108575
30286,213,30499
6107,27792,33899
28156,84267,112423
89898,31781,121679
57117,5259,62376
28806,41821,70627
3300,93182,96482
24371,73550,97921
9152,39552,48704
66667,39327,105994
55627,68941,124568
75763,26002,101765
11057,89951,101008
62201,38697,100898
41573,17324,58897
38608,83575,122183
29196,22473,51669
21713,81488,103201
70901,48313,119214
54776,62154,116930
48513,57176,105689
44579,30873,75452
53560,77926,131486
61045,41706,102751
29694,53280,82974
49225,60794,110019
81393,90106,171499
95382,76051,171433
19159,74521,93680
97129,75209,172338
77578,66213,143791
23061,75277,98338
51487,54246,105733
92684,18460,111144
17088,8629,25717
6877,42173,49050
85029,97745,182774
19605,5826,25431
88230,62033,150263
58720,58155,116875
69683,30087,99770
14696,79514,94210
48941,39652,88593
50896,61891,112787
56636,25021,81657
12934,24725,37659
13362,56653,70015
83476,98429,181905
1799,91525,93324
69032,7452,76484
59072,72547,131619
26909,4534,31443
66625,25814,92439
62162,1590,63752
46806,64862,111668
68815,67138,135953
59621,41936,101557
89328,2491,91819
9580,52740,62320
97351,38156,135507
39590,40064,79654
2838,54714,57552
32315,75717,108032
49618,28233,77851
82057,52402,134459
35786,71618,107404
38113,19629,57742
12186,49798,61984
55526,74499,130025
62092,5765,67857
92449,52389,144838
49052,10994,60046
47403,30036,77439
1708,71395,73103
47133,26111,73244
85502,91226,176728
30039,91858,121897
19825,39962,59787
48602,52066,100668
89521,60664,150185
60002,86615,146617
6451,87672,94123
73882,74119,148001
28477,3210,31687
26899,32686,59585
81153,54746,135899
18661,94355,113016
58192,5464,63656
71389,71316,142705
10169,31858,42027
52129,9497,61626
49825,54930,104755
48983,3608,52591
33325,55097,88422
6370,37923,44293
94770,36395,131165
60083,63349,123432
52013,79961,131974
39473,28566,68039
75059,12835,87894
35021,79202,114223
78376,77496,155872
97395,28498,125893
50227,44174,94401
97170,70004,167174
75548,28047,103595
91880,97539,189419
70556,8929,79485
18685,97232,115917
53144,58732,111876
57837,79736,137573
57686,9528,67214
67276,74100,141376
34306,5498,39804
14148,21013,35161
33582,54640,88222
20391,14067,34458
29724,75967,105691
85885,82513,168398
19400,72169,91569
15971,11583,27554
5430,78600,84030
43177,85925,129102
97208,85592,182800
3983,22046,26029
48946,51638,100584
58425,76746,135171
71682,48671,120353
19257,50738,69995
13541,42641,56182
66422,6340,72762
2734,18659,21393
3895,36318,40213
60364,89110,149474
50883,95535,146418
73554,80194,153748
16801,48213,65014
2463,29223,31686
30663,75152,105815
90959,56356,147315
55593,46283,101876
99768,56086,155854
75315,92870,168185
52490,69200,121690
38300,54960,93260
12375,45092,57467
27040,90468,117508
36736,39914,76650
52031,15886,67917
41001,99806,140807
16324,64473,80797
8267,5979,14246
47159,11930,59089
26452,97520,123972
12348,56586,68934
91604,86294,177898
49936,79372,129308
10004,12674,22678
26325,45046,71371
74788,75861,150649
93739,17511,111250
58654,75616,134270
82335,55401,137736
70268,73098,143366
15190,17200,32390
35162,86633,121795
39484,5259,44743
48300,19036,67336
45946,52244,98190
68315,47848,116163
77022,79151,156173
89693,60992,150685
70344,41629,111973
52299,14158,66457
53921,74101,128022
99368,26411,125779
56744,72402,129146
74454,51047,125501
49379,67017,116396
93838,40547,134385
63704,50108,113812
59348,49230,108578
16403,37092,53495
83026,49422,132448
60956,82332,143288
9779,20006,29785
90550,81290,171840
76224,18295,94519
93365,25022,118387
73817,69788,143605
84104,11033,95137
9574,74675,84249
56944,63130,120074
64349,57597,121946
39312,61530,100842
50773,17309,68082
38239,72648,110887
5591,16806,22397
79155,77790,156945
75806,42780,118586
88792,73866,162658
19021,86271,105292
97231,23808,121039
91523,72385,163908
85271,55195,140466
47125,9099,56224
38150,45765,83915
6282,81234,87516
80356,7423,87779
59665,408,60073
21774,88264,110038
25505,34843,60348
85465,49168,134633
2899,38242,41141
75657,1346,77003
37037,48676,85713
3377,63478,66855
94758,24120,118878
84024,64481,148505
21535,71391,92926
2700,36191,38891
71343,72255,143598
73328,39432,112760
60872,79892,140764
40424,92039,132463
60167,53734,113901
10195,81377,91572
38704,77577,116281
49795,25390,75185
32295,94075,126370
73358,75265,148623
85611,64655,150266
36094,52271,88365
55498,74737,130235
4427,55651,60078
55744,81381,137125
38338,84263,122601
22424,7686,30110
53403,74091,127494
60824,35441,96265
21589,66266,87855
94898,92850,187748
19914,97078,116992
32941,32855,65796
88202,99322,187524
11339,56217,67556
99434,73547,172981
27024,78835,105859
27983,27936,55919
81103,48050,129153
41150,59478,100628
92330,20301,112631
71693,66122,137815
63392,51260,114652
5312,77698,83010
17917,33704,51621
44537,6242,50779
5641,77814,83455
34225,43808,78033
32890,16198,49088
91114,2262,93376
44065,36234,80299
36244,24612,60856
30559,18050,48609
80738,4930,85668
64531,68534,133065
41193,10629,51822
71296,31828,103124
88210,88290,176500
76476,66342,142818
5905,90804,96709
21519,39836,61355
9392,37682,47074
46342,2856,49198
37658,51456,89114
21056,38791,59847
45494,40944,86438
55203,88947,144150
28624,25024,53648
44683,33129,77812
98155,21535,119690
66593,63411,130004
77666,76665,154331
50619,37038,87657
75692,49920,125612
23411,28082,51493
85215,21805,107020
20023,77056,97079
33216,97773,130989
18008,31913,49921
79274,67329,146603
77657,90532,168189
96593,92,96685
17373,61586,78959
56253,60460,116713
6572,36449,43021
70162,65875,136037
80559,39920,120479
48077,71368,119445
40023,74544,114567
33572,82431,116003
583,6087,6670
98900,93854,192754
29699,99116,128815
60593,73943,134536
87770,76825,164595
19258,10669,29927
10844,88745,99589
28047,37095,65142
60044,92284,152328
13157,78948,92105
60483,18965,79448
94847,27057,121904
36731,43348,80079
35192,56947,92139
53842,60233,114075
35897,69987,105884
11601,66567,78168
72527,19254,91781
17038,36509,53547
50840,57488,108328
95458,7428,102886
20825,78072,98897
69944,47978,117922
77990,91522,169512
48402,95468,143870
38631,13866,52497
66965,6667,73632
28332,79712,108044
62417,68532,130949
30183,38341,68524
13037,73669,86706
91356,17723,109079
13160,83323,96483
97877,12605,110482
86026,9616,95642
70412,30395,100807
35518,52871,88389
28117,54046,82163
35841,69345,105186
96575,43992,140567
99765,9833,109598
9091,58879,67970
93220,29925,123145
44880,61821,106701
56934,31559,88493
707,30523,31230
519,86277,86796
98170,33795,131965
94019,20140,114159
63147,51412,114559
15127,48437,63564
84276,76403,160679
72994,95420,168414
93517,15522,109039
69278,39454,108732
91613,3668,95281
99464,73378,172842
31692,55630,87322
6081,35636,41717
81627,9309,90936
93645,61881,155526
59645,96207,155852
87942,77539,165481
20248,14835,35083
12205,72658,84863
94426,31895,126321
94141,936,95077
30739,17946,48685
27346,20019,47365
62047,29705,91752
84569,22105,106674
906,70091,70997
21115,53763,74878
17457,26151,43608
92710,67836,160546
56683,69835,126518
21450,88295,109745
50409,42077,92486
56824,50387,107211
49558,36300,85858
67984,16711,84695
51562,95589,147151
61485,74420,135905
85661,41482,127143
81934,24413,106347
45009,95748,140757
21068,68299,89367
43099,3631,46730
48433,24596,73029
71404,83976,155380
35846,28768,64614
12386,63422,75808
69863,28329,98192
77043,65174,142217
93270,25351,118621
35922,60731,96653
45700,32590,78290
98054,90545,188599
47864,85766,133630
67481,15958,83439
33218,71916,105134
43868,11927,55795
85945,71598,157543
43618,76528,120146
61450,47674,109124
64075,88677,152752
32597,59368,91965
45789,68555,114344
75930,2134,78064
19115,41914,61029
49933,70930,120863
19687,27954,47641
47014,48569,95583
70327,14615,84942
74820,17712,92532
80171,54945,135116
40155,65636,105791
34638,9643,44281
30049,63641,93690
98238,68482,166720
49015,63883,112898
71584,17900,89484
87752,12695,100447
58844,96166,155010
79797,36576,116373
53483,16382,69865
41119,78371,119490
88130,79259,167389
79150,99687,178837
77590,69779,147369
1014,33186,34200
59960,91746,151706
20554,66560,87114
47403,97490,144893
30440,58435,88875
75657,33501,109158
565,92628,93193
65639,93754,159393
20894,82833,103727
85990,81690,167680
59261,45208,104469
27191,24571,51762
27028,22166,49194
15007,4112,19119
70152,54037,124189
84094,9894,93988
6753,90245,96998
31593,89167,120760
6571,77396,83967
65030,34935,99965
21138,27711,48849
92267,46175,138442
31406,62817,94223
53522,60255,113777
40413,85149,125562
74370,70811,145181
52100,20956,73056
1290,57268,58558
48532,54024,102556
20283,54986,75269
47744,78190,125934
86359,377,86736
9518,11325,20843
35946,10263,46209
3646,61845,65491
29309,45409,74718
99935,38597,138532
53257,37767,91024
15259,27049,42308
77840,87946,165786
81900,33335,115235
80315,45925,126240
20203,9593,29796
81895,63101,144996
1012,2035,3047
8106,83140,91246
97652,77045,174697
5057,51109,56166
24932,5867,30799
21139,51865,73004
3067,57799,60866
67898,15796,83694
92085,37032,129117
19442,55263,74705
54678,31338,86016
95797,28728,124525
30949,16441,47390
19389,26079,45468
34239,9839,44078
32527,50012,82539
73982,86670,160652
86841,12891,99732
53589,88874,142463
38738,96681,135419
17950,50536,68486
96680,44620,141300
79746,54733,134479
66556,55746,122302
12733,27870,40603
68844,42912,111756
72112,37962,110074
3621,9151,12772
24203,43165,67368
92398,228,92626
24967,555,25522
91530,28546,120076
84242,83059,167301
21023,91065,112088
57332,11958,69290
75718,63134,138852
24460,41173,65633
48672,67890,116562
41855,23782,65637
61318,58038,119356
82427,10596,93023
46067,2552,48619
17803,77800,95603
35331,72247,107578
37219,88773,125992
51822,83463,135285
56957,54943,111900
51534,95589,147123
88543,71033,159576
42844,38807,81651
21252,81934,103186
62986,50972,113958
28405,23944,52349
11056,78590,89646
94718,74758,169476
53425,39955,93380
12095,67927,80022
18618,70667,89285
28119,4584,32703
29595,6399,35994
40022,7404,47426
39960,50166,90126
69506,16006,85512
98012,14122,112134
89316,2665,91981
82870,13805,96675
64534,2418,66952
51385,64856,116241
85769,13334,99103
9281,95920,105201
35694,33339,69033
4088,60478,64566
76818,74627,151445
15553,99496,115049
87240,92541,179781
71746,89763,161509
59149,6905,66054
57510,71354,128864
51265,38965,90230
26366,19019,45385
17894,11270,29164
38082,99224,137306
51008,21308,72316
95003,36294,131297
72664,82534,155198
7675,17276,24951
59778,7966,67744
21243,63992,85235
28552,4307,32859
48486,33673,82159
42247,16507,58754
8018,84244,92262
74336,34432,108768
7713,79640,87353
79647,48387,128034
83899,91845,175744
34607,30199,64806
4342,47868,52210
98662,68475,167137
46754,77919,124673
16874,85508,102382
37476,61342,98818
86368,4512,90880
54321,51207,105528
57863,96718,154581
97260,76374,173634
46892,35788,82680
36147,99805,135952
98833,99389,198222
3509,36601,40110
77921,60558,138479
8035,16296,24331
92376,81830,174206
36732,98354,135086
54455,13652,68107
98521,82123,180644
11718,59927,71645
54284,17795,72079
69275,47240,116515
25612,7081,32693
2363,99923,102286
73708,3300,77008
3075,38465,41540
27364,32741,60105
81170,14680,95850
28720,39744,68464
68424,88731,157155
12293,79244,91537
23553,61948,85501
64213,61444,125657
5710,183,5893
41850,48861,90711
69338,91649,160987
57811,60033,117844
33289,27278,60567
45276,8859,54135
20621,36648,57269
87938,44590,132528
58862,92191,151053
19351,5140,24491
7111,18842,25953
83921,6594,90515
5736,42686,48422
84448,80220,164668
19208,47434,66642
14597,58555,73152
44243,11585,55828
74675,246,74921
99852,62568,162420
43400,44920,88320
38572,94641,133213
12837,73096,85933
77020,60796,137816
12180,18342,30522
35708,35947,71655
77567,70964,148531
11938,83890,95828
91142,19948,111090
80580,93437,174017
53623,78895,132518
37689,90387,128076
55489,55610,111099
74577,43585,118162
74267,17230,91497
23766,60110,83876
92218,55112,147330
74075,13126,87201
12564,15461,28025
73475,42646,116121
84360,68289,152649
48772,30193,78965
82107,47934,130041
19248,63246,82494
25670,34960,60630
7416,92021,99437
96698,32941,129639
10123,38982,49105
92886,95067,187953
7532,65409,72941
56225,3561,59786
30429,77205,107634
52147,59662,111809
82328,29914,112242
27660,63755,91415
58648,12874,71522
16116,66780,82896
50665,83178,133843
68646,93856,162502
87766,49325,137091
12386,54297,66683
94243,38789,133032
52126,84917,137043
86568,14767,101335
1378,46448,47826
80492,25019,105511
27788,37672,65460
94147,42609,136756
35250,65625,100875
35768,71622,107390
80661,4012,84673
58217,92084,150301
84633,3256,87889
5429,3523,8952
29981,20384,50365
92015,60960,152975
16705,40089,56794
85685,24729,110414
44586,24496,69082
87541,63982,151523
69234,48380,117614
30900,8686,39586
77265,2214,79479
62351,14330,76681
1689,8219,9908
27577,26343,53920
80699,8393,89092
15393,65003,80396
15120,33753,48873
55151,65195,120346
12165,75056,87221
52142,67841,119983
28765,46136,74901
97845,45290,143135
76527,63837,140364
36922,90206,127128
90021,19733,109754
69107,64449,133556
72891,37648,110539
31770,96073,127843
3477,80986,84463
8691,2611,11302
72267,79476,151743
53812,84624,138436
76506,77127,153633
28430,75899,104329
71481,4250,75731
69170,17129,86299
15372,91004,106376
21537,21712,43249
89300,69998,159298
61513,98909,160422
42932,17662,60594
16892,39824,56716
90631,747,91378
16048,91732,107780
63780,37620,101400
46475,41733,88208
37591,4164,41755
98028,10565,108593
38319,40720,79039
32253,77045,109298
50385,82398,132783
31403,98390,129793
84890,86013,170903
81522,35551,117073
31502,33235,64737
87985,2099,90084
87281,43526,130807
47216,53735,100951
96800,8713,105513
92772,72892,165664
73188,36113,109301
14936,23859,38795
4329,17063,21392
89420,45761,135181
79299,16002,95301
43854,77797,121651
46667,79646,126313
49544,72556,122100
17403,55944,73347
10834,32314,43148
97387,67742,165129
86786,78443,165229
79229,93309,172538
66134,9198,75332
64517,66319,130836
90802,92179,182981
67247,23572,90819
72242,70666,142908
57997,98445,156442
50283,16274,66557
57397,29945,87342
36230,284,36514
13761,29237,42998
56348,79893,136241
24128,20285,44413
99500,92049,191549
26591,24261,50852
68657,15838,84495
23780,6725,30505
32281,45626,77907
31460,71642,103102
41930,32408,74338
21205,32350,53555
50233,81129,131362
74761,74381,149142
22016,77953,99969
38848,97370,136218
38381,56027,94408
23784,18035,41819
25141,83571,108712
47367,33857,81224
52363,38521,90884
55949,97875,153824
62684,37947,100631
17727,5267,22994
55851,82753,138604
92708,52812,145520
45283,37038,82321
70120,99866,169986
18726,45452,64178
37971,58565,96536
89348,71040,160388
15740,29082,44822
88867,47708,136575
73503,58425,131928
22104,35150,57254
91091,49590,140681
84262,5641,89903
71538,52602,124140
36220,75678,111898
82011,2356,84367
98902,32253,131155
75100,75990,151090
83678,94752,178430
89252,54698,143950
28465,32753,61218
81123,42006,123129
4513,69323,73836
69640,3426,73066
90034,40869,130903
19672,62480,82152
9995,47683,57678
59703,85937,145640
583,34374,34957
27302,81951,109253
35577,77827,113404
41713,27188,68901
92367,99532,191899
84856,47034,131890
67135,38236,105371
53481,80807,134288
66266,85418,151684
8290,51394,59684
30055,69569,99624
60290,8356,68646
14940,45646,60586
81810,70281,152091
99252,39683,138935
95388,26430,121818
11018,75219,86237
98821,71775,170596
46640,78880,125520
55059,38788,93847
71073,54507,125580
66642,5487,72129
10414,50977,61391
39524,48108,87632
49277,64174,113451
23394,31225,54619
26121,79679,105800
40489,22585,63074
8407,32678,41085
26158,35753,61911
52366,39188,91554
67348,70929,138277
73579,71183,144762
96545,38301,134846
33191,52541,85732
31284,87638,118922
74335,6291,80626
81071,30885,111956
38644,43587,82231
49955,90415,140370
14677,24283,38960
63697,86487,150184
31940,39757,71697
13670,32522,46192
30685,19933,50618
33926,79015,112941
53517,52504,106021
22222,41440,63662
97932,88168,186100
19944,40596,60540
13192,5389,18581
61812,98341,160153
46544,86200,132744
88252,9172,97424
3140,93558,96698
30950,33072,64022
34519,58010,92529
64459,57840,122299
31409,69210,100619
8259,98316,106575
5504,40765,46269
75508,86020,161528
53656,35603,89259
80344,34876,115220
61433,4562,65995
75523,9641,85164
49143,1207,50350
5805,28622,34427
86026,71361,157387
50873,95491,146364
71609,92528,164137
2943,96521,99464
50266,64249,114515
93756,91957,185713
13433,20415,33848
79035,56234,135269
15469,32041,47510
98021,96216,194237
75834,37629,113463
51318,97909,149227
10036,41308,51344
50981,46425,97406
44577,59652,104229
35174,54904,90078
2765,29704,32469
7554,6016,13570
15426,44084,59510
27729,3976,31705
85576,99813,185389
16580,69622,86202
99995,87976,187971
93961,79073,173034
4867,98895,103762
14641,39582,54223
39473,67229,106702
88077,44394,132471
53785,6431,60216
84931,21429,106360
64001,92723,156724
98901,8200,107101
179,29853,30032
91798,84573,176371
60689,55967,116656
81661,66756,148417
16633,2619,19252
62398,14952,77350
5702,43327,49029
81956,82138,164094
74705,41602,116307
83226,19039,102265
64924,83823,148747
53458,6026,59484
40591,8781,49372
48953,88497,137450
8748,71405,80153
79737,19262,98999
1116,36594,37710
50067,47685,97752
39103,38478,77581
51709,79111,130820
79129,86127,165256
87588,73484,161072
96472,23827,120299
46356,57391,103747
79546,95149,174695
88645,11770,100415
61314,42486,103800
75435,95505,170940
65811,23449,89260
78176,9151,87327
48056,56733,104789
91059,93920,184979
40542,19475,60017
45403,43411,88814
58880,98533,157413
17903,18724,36627
23557,5347,28904
39962,91033,130995
8683,20968,29651
90669,64104,154773
97485,83450,180935
3532,76370,79902
81278,21815,103093
54214,30961,85175
11596,52896,64492
44921,61303,106224
5138,96089,101227
44654,87317,131971
36811,1621,38432
81047,65845,146892
17106,80724,97830
25226,32451,57677
81016,99657,180673
18066,87510,105576
13991,74801,88792
6351,96630,102981
27189,34327,61516
78239,48906,127145
71236,88638,159874
16378,24967,41345
91699,29381,121080
41113,45234,86347
46239,93317,139556
33600,3930,37530
60651,90569,151220
88356,36228,124584
83334,72203,155537
54611,90892,145503
43992,20,44012
46942,17864,64806
79435,75289,154724
60068,20938,81006
66922,37260,104182
47394,88763,136157
4753,88638,93391
40133,19297,59430
12373,89774,102147
2293,31595,33888
20428,95925,116353
40159,85125,125284
91632,28996,120628
72393,35697,108090
26391,10580,36971
40514,26631,67145
4948,91493,96441
93972,98900,192872
11412,96509,107921
64764,17579,82343
50584,74902,125486
66639,90760,157399
86359,93768,180127
60981,80254,141235
3715,35492,39207
97043,52183,149226
8890,29472,38362
36749,69103,105852
28012,3122,31134
53837,93901,147738
8298,95316,103614
10924,26139,37063
22251,25909,48160
66397,32511,98908
77081,25338,102419
21791,10318,32109
97663,44805,142468
5354,76563,81917
41245,65841,107086
73825,38100,111925
56965,42944,99909
61749,85201,146950
75518,47379,122897
83189,77263,160452
55642,46851,102493
79822,3088,82910
82556,83118,165674
73894,16888,90782
42956,95011,137967
39132,1430,40562
77890,88912,166802
10321,56784,67105
53510,81787,135297
19901,75413,95314
8603,54485,63088
56569,76263,132832
30135,31633,61768
33723,29638,63361
27525,65892,93417
8396,85375,93771
80072,37709,117781
92894,63541,156435
20318,98686,119004
50708,65091,115799
49124,99166,148290
10456,4942,15398
84578,82796,167374
439,7925,8364
6002,36537,42539
20841,80772,101613
21862,33818,55680
68439,10831,79270
36057,5344,41401
6478,23016,29494
22570,70013,92583
7897,2912,10809
56754,35513,92267
34794,7782,42576
21155,78555,99710
25813,86256,112069
59299,323,59622
62197,32402,94599
86756,23750,110506
5802,50587,56389
14602,96817,111419
44366,81341,125707
26920,96048,122968
22424,12359,34783
58143,54783,112926
94318,38711,133029
47912,34119,82031
44072,51137,95209
79231,6129,85360
84368,76566,160934
2114,50258,52372
59816,57898,117714
77771,61788,139559
10419,57634,68053
1743,77509,79252
15084,16518,31602
51105,41274,92379
48255,98395,146650
35457,47727,83184
99375,52499,151874
91636,94377,186013
99106,14025,113131
92858,23630,116488
62050,33597,95647
74938,27586,102524
14185,17925,32110
21583,98437,120020
30141,7053,37194
75332,99912,175244
27076,11902,38978
56758,4934,61692
64876,53571,118447
69197,11357,80554
34579,15970,50549
96546,39745,136291
27070,62168,89238
88999,74996,163995
20866,24143,45009
753,77441,78194
13662,81367,95029
41365,98607,139972
10277,72559,82836
14068,58765,72833
67258,45288,112546
62567,29681,92248
34937,15146,50083
7984,71665,79649
44127,50984,95111
1635,8729,10364
52343,49632,101975
81364,98771,180135
49305,39006,88311
91985,69984,161969
55968,66874,122842
28891,32232,61123
76368,84741,161109
6893,64367,71260
99520,31099,130619
71776,94832,166608
31069,59943,91012
50133,22727,72860
5126,3301,8427
44536,6257,50793
82493,64822,147315
42288,11961,54249
19111,8399,27510
26337,23351,49688
53459,44974,98433
62126,28870,90996
57004,52718,109722
24043,84013,108056
12080,23088,35168
25178,34648,59826
26672,72165,98837
43236,76149,119385
18852,61881,80733
48259,70164,118423
75621,12326,87947
86297,46802,133099
26510,78508,105018
44669,18371,63040
83642,58960,142602
13188,90526,103714
55000,10070,65070
21794,96481,118275
41938,9492,51430
417,81408,81825
52605,30323,82928
66284,16898,83182
52647,25093,77740
53202,92274,145476
13522,66667,80189
53566,6616,60182
36218,53241,89459
42959,63208,106167
7477,74982,82459
14225,1721,15946
21771,46526,68297
44341,87132,131473
87108,66336,153444
78072,73,78145
74618,45062,119680
52154,94508,146662
1597,47148,48745
4077,30368,34445
71353,19185,90538
63368,18355,81723
45559,2365,47924
67302,22450,89752
27289,63575,90864
26720,54440,81160
81131,42529,123660
8992,69331,78323
69110,61502,130612
93695,10922,104617
15888,95419,111307
79419,97477,176896
15534,78540,94074
66350,47852,114202
7950,21983,29933
1709,15705,17414
14940,48099,63039
81178,69658,150836
43369,56861,100230
10159,54959,65118
81504,62460,143964
99276,39245,138521
97004,51919,148923
20286,72758,93044
64384,80306,144690
92366,38504,130870
87847,55454,143301
70365,59131,129496
27758,41341,69099
93243,71717,164960
61688,15126,76814
74712,87341,162053
77255,34155,111410
26854,38638,65492
59664,8416,68080
52257,49927,102184
13881,28131,42012
82904,49052,131956
46178,53980,100158
10727,10530,21257
42303,71440,113743
82174,79635,161809
79310,85807,165117
48798,99819,148617
76678,13671,90349
12842,14042,26884
69299,7163,76462
58923,52196,111119
50346,45437,95783
87093,10685,97778
31971,74471,106442
24753,56569,81322
33533,33921,67454
42161,97003,139164
73853,60671,134524
52656,67548,120204
26952,94448,121400
13980,10671,24651
60825,75953,136778
90273,46112,136385
3230,42858,46088
45334,95825,141159
75932,39172,115104
33242,15852,49094
45673,1005,46678
53109,82010,135119
82745,595,83340
78531,63128,141659
21054,56413,77467
23002,83613,106615
50795,18241,69036
52161,89814,141975
12034,69719,81753
97123,5261,102384
56039,31198,87237
90853,28851,119704
52939,27665,80604
55015,8360,63375
80867,79153,160020
33128,49706,82834
1498,9763,11261
17345,97656,115001
84079,3885,87964
11707,96512,108219
87145,49533,136678
97067,53325,150392
93331,69094,162425
7162,89731,96893
42374,72913,115287
55296,50658,105954
18817,8935,27752
11684,27279,38963
88983,82028,171011
26599,62163,88762
46750,19780,66530
49291,28625,77916
37153,83296,120449
47338,65193,112531
89773,97450,187223
93136,55458,148594
92735,75437,168172
54478,32944,87422
5763,22328,28091
21441,81727,103168
64770,5469,70239
65486,10600,76086
56563,93418,149981
48126,37011,85137
67291,33076,100367
23293,34571,57864
86146,18264,104410
94290,28725,123015
50741,72059,122800
64357,48880,113237
33883,75743,109626
68410,12467,80877
89299,76831,166130
11768,78330,90098
99535,84773,184308
84994,25049,110043
56025,93240,149265
94876,33908,128784
71622,48004,119626
56458,67836,124294
39462,50537,89999
68758,93875,162633
42043,90692,132735
31592,97245,128837
21586,59744,81330
39602,9605,49207
63577,30822,94399
63966,9618,73584
30824,7374,38198
11457,63609,75066
25869,775,26644
10948,67909,78857
99411,15874,115285
70153,22669,92822
1319,26667,27986
45442,20102,65544
16225,48663,64888
43193,11218,54411
13423,53104,66527
4709,71618,76327
6779,46535,53314
99150,27656,126806
72364,59240,131604
33811,84406,118217
36684,39632,76316
83860,29058,112918
97500,29954,127454
59240,63379,122619
15712,7622,23334
17085,49522,66607
27099,72797,99896
52465,66233,118698
30006,45707,75713
42611,6508,49119
86500,83592,170092
22098,51090,73188
72502,52645,125147
98576,76708,175284
63575,18742,82317
69261,63269,132530
55740,88489,144229
12841,7427,20268
30311,38186,68497
25482,58037,83519
75957,75942,151899
30679,30652,61331
50022,93770,143792
10594,59167,69761
28126,16453,44579
63777,77853,141630
17888,64062,81950
96762,2342,99104
59144,89851,148995
82598,98863,181461
52313,39728,92041
55769,25561,81330
42214,25065,67279
55262,48452,103714
1186,4025,5211
48198,69576,117774
9657,19722,29379
23967,60727,84694
37443,80077,117520
40854,76408,117262
21898,26461,48359
3286,37732,41018
82498,65713,148211
11125,33842,44967
29466,16867,46333
9795,63171,72966
97796,19742,117538
31335,28883,60218
42485,53329,95814
72798,28450,101248
55322,62478,117800
57575,93512,151087
2320,3027,5347
25236,54478,79714
78688,59074,137762
85350,25052,110402
95611,40428,136039
85327,63925,149252
1669,10048,11717
17574,86810,104384
58871,55887,114758
43744,54273,98017
62422,82401,144823
95893,94400,190293
26085,64923,91008
21147,82994,104141
1072,8016,9088
51980,79563,131543
98942,35640,134582
53267,40250,93517
44897,85372,130269
41545,90536,132081
27960,25918,53878
82725,19202,101927
52857,79391,132248
43790,22253,66043
95563,98247,193810
39192,40442,79634
93523,73658,167181
91763,16406,108169
55521,16384,71905
67397,7827,75224
13842,22098,35940
54489,88386,142875
47267,7748,55015
40223,38513,78736
98330,68488,166818
79448,9376,88824
49485,54373,103858
84566,28772,113338
11844,97628,109472
61889,27501,89390
18344,59352,77696
34371,37540,71911
57855,234,58089
98915,20934,119849
66868,41149,108017
85768,44533,130301
14803,69090,83893
28425,17704,46129
88730,70861,159591
2015,33334,35349
38597,14646,53243
8922,39584,48506
93109,88900,182009
74489,72618,147107
83490,89344,172834
26056,43059,69115
31965,17045,49010
18532,51710,70242
41955,36636,78591
87570,81444,169014
98224,60056,158280
49748,73640,123388
5876,9731,15607
48149,56088,104237
38051,12067,50118
41957,90368,132325
22570,46200,68770
86407,28663,115070
85960,3550,89510
16180,80861,97041
8886,74065,82951
84159,62941,147100
91511,72537,164048
14116,99387,113503
39177,78721,117898
28453,7021,35474
81508,30564,112072
57794,6671,64465
9425,57652,67077
97435,56859,154294
29259,70161,99420
25110,12022,37132
22960,19101,42061
23108,81370,104478
71493,45778,117271
1058,60116,61174
16040,25197,41237
65146,65503,130649
11538,97695,109233
94417,85367,179784
49635,38914,88549
35214,82135,117349
74363,34260,108623
83605,26170,109775
92223,94650,186873
50728,46690,97418
5928,4521,10449
70060,37189,107249
4629,61594,66223
13568,92298,105866
76851,38255,115106
86662,67666,154328
19713,7047,26760
4079,13030,17109
79345,97392,176737
98278,98569,196847
70717,14009,84726
85980,33232,119212
68517,17960,86477
22404,7484,29888
27773,32147,59920
41082,8632,49714
18160,81528,99688
68939,43857,112796
80732,86246,166978
35924,79184,115108
91136,87330,178466
73224,87843,161067
11941,60508,72449
24564,84380,108944
70122,46877,116999
98720,57796,156516
75560,88454,164014
75267,82085,157352
67406,34771,102177
60406,93055,153461
29710,88603,118313
57136,11858,68994
15949,24656,40605
79739,57186,136925
51692,28839,80531
48747,48242,96989
96758,77091,173849
12778,49276,62054
84173,38832,123005
60420,60606,121026
76896,80111,157007
7739,66745,74484
77025,12591,89616
97518,86501,184019
63035,96940,159975
79149,27322,106471
83305,85131,168436
93484,45749,139233
34621,24545,59166
45095,27976,73071
23072,28185,51257
90205,35603,125808
16013,3017,19030
80608,16086,96694
29169,84569,113738
92661,27616,120277
61551,45573,107124
28734,68312,97046
45750,1390,47140
34699,75601,110300
11562,37553,49115
36267,37418,73685
33069,811,33880
89724,36920,126644
1723,45200,46923
82329,33785,116114
27262,63462,90724
12294,57647,69941
19124,73511,92635
19545,82033,101578
42079,63071,105150
84343,93832,178175
42718,85036,127754
7614,60010,67624
76253,80487,156740
68288,90351,158639
14884,21089,35973
99277,31795,131072
46731,8192,54923
83522,8715,92237
51014,57849,108863
67346,11474,78820
34444,38993,73437
10067,94785,104852
94397,33195,127592
26264,52606,78870
45790,53577,99367
67341,20118,87459
71604,28341,99945
18540,17710,36250
13728,64178,77906
54903,70592,125495
99766,51281,151047
82250,6789,89039
5817,12162,17979
88832,33705,122537
38588,94294,132882
81935,31093,113028
16356,12853,29209
39627,59721,99348
23738,70999,94737
70809,81054,151863
8835,76178,85013
83982,45072,129054
80661,99730,180391
74996,92684,167680
74860,57296,132156
88738,17778,106516
23675,97143,120818
36803,65905,102708
36778,77477,114255
50294,37883,88177
99372,8872,108244
71306,10534,81840
75399,52000,127399
49992,23913,73905
37028,97354,134382
34568,57685,92253
8632,5765,14397
84064,39317,123381
32003,14832,46835
82892,22497,105389
42534,61048,103582
27592,54494,82086
29317,57554,86871
1675,19094,20769
82902,54648,137550
93306,11875,105181
72637,43011,115648
54909,31177,86086
34808,49263,84071
88365,88539,176904
42436,47904,90340
32894,72079,104973
23941,11992,35933
99063,84072,183135
44641,54418,99059
80919,65773,146692
28676,82930,111606
44608,62895,107503
89848,15074,104922
87128,21732,108860
79793,38605,118398
56488,24157,80645
58836,32105,90941
62148,99801,161949
13957,39922,53879
96563,46129,142692
58614,95004,153618
84531,76296,160827
40936,51418,92354
50973,51338,102311
31102,44768,75870
81620,86730,168350
11220,53144,64364
72283,27223,99506
85367,54342,139709
85502,14184,99686
91035,38374,129409
40020,3143,43163
22405,33583,55988
75110,42004,117114
79289,59430,138719
14244,45098,59342
74093,60079,134172
22035,25931,47966
75645,7823,83468
99395,71892,171287
54197,98529,152726
78746,74953,153699
55958,79911,135869
53138,68582,121720
49351,61598,110949
23808,35703,59511
43961,84125,128086
94623,11452,106075
60135,13387,73522
64189,4070,68259
41605,5750,47355
62980,55890,118870
38012,64202,102214
54640,18962,73602
6100,62180,68280
87355,95453,182808
30804,51728,82532
81105,48374,129479
37433,2526,39959
22261,12550,34811
53535,71904,125439
6067,71385,77452
49398,6094,55492
48304,27679,75983
78095,49072,127167
86126,23618,109744
21516,72857,94373
47030,29582,76612
37228,90231,127459
1556,69927,71483
9894,27780,37674
35686,680,36366
36365,56847,93212
22123,51896,74019
73960,83904,157864
55923,27720,83643
80529,75200,155729
6913,27604,34517
49096,8679,57775
26254,45492,71746
30863,43813,74676
90430,8494,98924
80583,51700,132283
98669,44795,143464
88233,23855,112088
79773,23338,103111
79920,12752,92672
41652,57123,98775
74027,87811,161838
93555,91238,184793
15174,63718,78892
34586,38360,72946
51122,46880,98002
65677,41626,107303
88594,58193,146787
6049,86324,92373
22242,66950,89192
53579,27310,80889
52270,30499,82769
44393,98341,142734
34810,27425,62235
18030,64633,82663
58855,49079,107934
38738,54993,93731
29969,51225,81194
75689,39116,114805
64652,29759,94411
8485,28875,37360
45842,80384,126226
9539,7546,17085
66417,15391,81808
93994,40160,134154
62208,81702,143910
7499,21234,28733
98552,91212,189764
56440,281,56721
23271,44196,67467
92747,52681,145428
47095,64835,111930
36881,26828,63709
69975,73702,143677
47643,38147,85790
28090,252,28342
37422,5361,42783
21707,41920,63627
36746,98649,135395
94621,99536,194157
94134,50427,144561
14393,19025,33418
26166,3826,29992
95529,3386,98915
53542,34839,88381
22147,79320,101467
18767,2721,21488
83072,85145,168217
81101,72013,153114
3919,93239,97158
59057,94282,153339
19824,59891,79715
76405,89612,166017
54605,89101,143706
44641,38483,83124
39355,41052,80407
64321,85314,149635
80063,39116,119179
87684,4656,92340
4710,24719,29429
90100,84149,174249
13384,5849,19233
24851,24232,49083
70632,13278,83910
79061,36055,115116
74502,60750,135252
79872,5214,85086
44338,57704,102042
90749,77490,168239
70716,93887,164603
12005,22377,34382
20581,87831,108412
13117,90590,103707
58116,37764,95880
33405,94617,128022
42010,45744,87754
3936,40874,44810
13254,8671,21925
47114,63517,110631
79768,65142,144910
48221,52776,100997
93869,70882,164751
48137,93338,141475
52492,6679,59171
489,35174,35663
32553,30810,63363
59670,93961,153631
63076,50151,113227
30987,55448,86435
83669,88702,172371
83764,26059,109823
38752,23074,61826
24505,68224,92729
70121,11131,81252
11251,97285,108536
42638,5034,47672
1475,26170,27645
68496,2526,71022
47128,68986,116114
41455,89832,131287
9252,52892,62144
78867,89046,167913
53634,17399,71033
3941,60725,64666
14673,30029,44702
43232,62207,105439
39567,53328,92895
23786,35188,58974
92198,35558,127756
25319,73414,98733
56859,24914,81773
30349,39413,69762
98905,1147,100052
10790,31009,41799
67564,44456,112020
32066,93635,125701
86638,75086,161724
81186,26506,107692
36183,40297,76480
66711,70788,137499
60750,8326,69076
10083,30458,40541
39087,74335,113422
46653,62239,108892
40603,55272,95875
5269,42675,47944
97898,83299,181197
58976,6522,65498
70995,79999,150994
16512,81046,97558
32759,66538,99297
62845,7135,69980
13398,48065,61463
55406,39202,94608
39304,92566,131870
32103,89565,121668
13956,66998,80954
42896,68419,111315
95484,25894,121378
42410,36808,79218
76901,56397,133298
55224,82301,137525
76275,95347,171622
16085,43667,59752
81835,65331,147166
89351,67635,156986
62319,38457,100776
13943,38659,52602
22296,70669,92965
39432,52283,91715
9056,55269,64325
40265,54084,94349
71336,90710,162046
83243,90292,173535
89223,83429,172652
1095,44211,45306
31552,20394,51946
76205,59089,135294
44247,53094,97341
88868,64339,153207
29586,48147,77733
79938,72832,152770
34982,61486,96468
3480,2650,6130
97845,12970,110815
84145,87397,171542
22881,54044,76925
21927,31252,53179
9490,72447,81937
47130,44279,91409
31154,30573,61727
48958,82192,131150
95004,81308,176312
521,59426,59947
74670,22120,96790
53777,90465,144242
70994,10393,81387
65661,77398,143059
96997,63752,160749
94587,46628,141215
2705,32080,34785
58095,46893,104988
30009,60391,90400
58860,5100,63960
77041,5782,82823
17416,29873,47289
65020,76422,141442
1076,8160,9236
83016,83881,166897
13561,27830,41391
34112,99579,133691
25709,44604,70313
22776,74054,96830
64336,74933,139269
91362,95930,187292
25431,15290,40721
67256,43681,110937
94454,77785,172239
70275,87106,157381
55413,6254,61667
69192,63682,132874
10871,53779,64650
95663,20727,116390
91166,85216,176382
33263,95667,128930
45915,86578,132493
72264,6508,78772
41890,15917,57807
80956,53287,134243
41262,25496,66758
13781,36522,50303
56013,21595,77608
79393,57699,137092
76081,69396,145477
50418,43830,94248
71354,26618,97972
9237,2288,11525
42629,73831,116460
7952,86233,94185
48202,43142,91344
39311,64723,104034
92728,40123,132851
60669,69743,130412
12157,18600,30757
64854,7909,72763
68309,87425,155734
7577,67271,74848
93360,74828,168188
39315,94056,133371
4445,39490,43935
48284,78825,127109
83915,24572,108487
22861,61032,83893
84837,55514,140351
74002,52323,126325
4219,12073,16292
22718,70150,92868
22828,9706,32534
92132,83046,175178
9047,28394,37441
65756,31589,97345
21769,16877,38646
8396,19500,27896
35938,83502,119440
41090,47898,88988
98730,18912,117642
9341,5226,14567
69895,32885,102780
81450,91013,172463
38857,96887,135744
43905,12117,56022
1861,66741,68602
61293,18114,79407
5040,16194,21234
65733,76208,141941
75231,66666,141897
5031,59192,64223
59245,1351,60596
5955,11998,17953
24728,59629,84357
67310,73174,140484
55412,40894,96306
2221,6568,8789
13929,15595,29524
21452,40322,61774
42699,2101,44800
74061,8269,82330
47425,91057,138482
52181,57016,109197
84272,40791,125063
43297,8854,52151
70810,71246,142056
93403,32431,125834
3800,10861,14661
57547,71863,129410
35046,21912,56958
22826,70586,93412
68689,61339,130028
9638,80634,90272
97838,74564,172402
79507,19877,99384
85527,4147,89674
67247,43006,110253
10277,80115,90392
64769,71924,136693
19586,36029,55615
58542,75006,133548
54078,89183,143261
49048,63675,112723
68370,42104,110474
72514,72616,145130
81113,30314,111427
69469,11800,81269
38593,78504,117097
94362,43920,138282
69024,36753,105777
51724,51065,102789
20084,26178,46262
77445,61887,139332
43379,90431,133810
78398,57278,135676
3351,62086,65437
67049,51403,118452
40875,33901,74776
13228,50145,63373
67249,13614,80863
90690,82064,172754
65245,42773,108018
70183,59492,129675
60679,82420,143099
61349,11422,72771
5069,66485,71554
75761,84850,160611
79058,5780,84838
59474,28978,88452
60649,75057,135706
20030,22831,42861
28807,54947,83754
20922,8349,29271
64918,70341,135259
60520,43239,103759
93781,87006,180787
4066,51191,55257
21888,61713,83601
68852,84432,153284
19102,41010,60112
93073,44751,137824
3444,94519,97963
65300,90834,156134
16300,11249,27549
75286,43588,118874
84995,69526,154521
98721,773,99494
21201,14725,35926
31189,91032,122221
4744,43152,47896
32293,71106,103399
6329,46799,53128
60369,57914,118283
65698,82342,148040
96689,80313,177002
48700,54597,103297
97039,97566,194605
59086,44970,104056
52088,94687,146775
7061,32563,39624
92236,82471,174707
13752,64844,78596
85186,46711,131897
64585,18744,83329
13298,50434,63732
28056,56391,84447
1685,50586,52271
4727,93176,97903
38683,37073,75756
88319,51239,139558
45950,59108,105058
94444,40905,135349
39818,10644,50462
73908,16277,90185
95783,3168,98951
82208,40722,122930
5477,74885,80362
81295,95857,177152
37341,11195,48536
94906,21059,115965
72512,2739,75251
80831,74029,154860
46990,54335,101325
13538,1241,14779
24216,22352,46568
93185,6015,99200
96754,51386,148140
87871,99630,187501
91340,61952,153292
50476,39988,90464
65665,66859,132524
71996,2879,74875
23046,51050,74096
30030,65807,95837
79838,55291,135129
11471,50549,62020
67396,9222,76618
42827,44251,87078
18343,14816,33159
13689,63969,77658
88436,9167,97603
12645,11931,24576
8681,1677,10358
47072,43606,90678
57244,42748,99992
8908,94511,103419
94374,55392,149766
33928,23832,57760
82757,30939,113696
60789,77978,138767
21521,49332,70853
94077,29072,123149
70371,23689,94060
92174,62017,154191
53501,17579,71080
47675,59520,107195
64844,845,65689
31186,75188,106374
15608,56999,72607
44442,18419,62861
46823,16942,63765
76464,10850,87314
90626,79278,169904
58028,8471,66499
21408,85663,107071
12933,96304,109237
21914,16275,38189
13496,89372,102868
78548,46368,124916
40614,50232,90846
85294,22136,107430
22515,82923,105438
62871,22165,85036
11642,93807,105449
89648,69896,159544
5753,10824,16577
68649,39732,108381
29058,44220,73278
52300,29777,82077
38199,83008,121207
19947,99534,119481
78908,93760,172668
54845,45664,100509
43291,716,44007
76717,81207,157924
89844,76896,166740
39664,72534,112198
3056,71897,74953
46533,61193,107726
42739,47588,90327
56162,97985,154147
96123,57707,153830
74144,20615,94759
3743,68312,72055
38331,41536,79867
3666,69709,73375
62330,61580,123910
98219,4384,102603
84213,6926,91139
77969,14851,92820
95769,18435,114204
70751,26052,96803
50753,51184,101937
34394,99850,134244
2341,33398,35739
68048,23299,91347
86942,52186,139128
66519,66991,133510
72216,96676,168892
42991,24177,67168
42648,36820,79468
90283,51577,141860
26078,27366,53444
27830,65449,93279
44388,33414,77802
35062,5071,40133
45216,65273,110489
53806,12581,66387
11356,13833,25189
66662,96091,162753
82269,20276,102545
8154,58555,66709
47735,74028,121763
43378,69290,112668
8744,92455,101199
25253,43195,68448
42054,75283,117337
93051,47961,141012
62804,50857,113661
11355,97656,109011
25510,79287,104797
52870,5812,58682
65413,22232,87645
68025,34148,102173
4022,22748,26770
37643,12929,50572
23869,22228,46097
2470,91467,93937
61439,62368,123807
32110,15686,47796
81562,79183,160745
73953,26756,100709
25387,6491,31878
55132,6413,61545
53458,2858,56316
67149,4257,71406
22860,91795,114655
65833,39529,105362
92758,60017,152775
26436,73331,99767
16150,4006,20156
17101,63777,80878
1131,67235,68366
11078,30104,41182
80362,3579,83941
27251,17547,44798
5795,69903,75698
6260,77663,83923
49006,41055,90061
79299,47954,127253
7965,8464,16429
25628,55855,81483
5937,15882,21819
67201,84923,152124
11058,47911,58969
29750,60053,89803
1042,10699,11741
27244,23988,51232
43780,70250,114030
46546,54665,101211
47252,94765,142017
92453,25622,118075
56723,53173,109896
80710,3365,84075
74571,85925,160496
91063,26628,117691
13225,13101,26326
24584,64737,89321
35028,95861,130889
21914,90344,112258
28756,54505,83261
5234,8995,14229
56533,38532,95065
89454,63094,152548
28398,74597,102995
75427,30310,105737
7199,6786,13985
49412,92572,141984
22948,12252,35200
71862,96918,168780
28666,58110,86776
76984,42021,119005
40168,85902,126070
64156,74851,139007
87713,87020,174733
55743,4379,60122
29655,50976,80631
53310,3862,57172
10216,87255,97471
43663,88761,132424
62931,20226,83157
78115,17915,96030
53583,12430,66013
39635,47111,86746
85540,52891,138431
17805,27784,45589
33646,42918,76564
4664,57071,61735
17477,38945,56422
6702,51341,58043
10944,56046,66990
88308,35657,123965
31415,33161,64576
35111,13607,48718
20474,85482,105956
90686,69883,160569
77994,63494,141488
59109,92558,151667
59796,40252,100048
76521,67526,144047
35421,83382,118803
77058,82014,159072
54300,86575,140875
2418,5764,8182
30509,82143,112652
2839,17935,20774
23974,55496,79470
82537,49336,131873
12209,13852,26061
41350,96462,137812
19605,603,20208
5908,13758,19666
5492,8251,13743
57001,53699,110700
38686,72618,111304
93635,17987,111622
63476,19036,82512
96726,7969,104695
85289,4056,89345
6111,89307,95418
95867,68032,163899
8102,99414,107516
64191,47073,111264
67611,17570,85181
11940,79101,91041
83922,69330,153252
40452,42835,83287
90583,50285,140868
92383,82514,174897
61124,15471,76595
50825,47544,98369
53452,8619,62071
91136,43846,134982
3443,13843,17286
48846,59464,108310
21954,46996,68950
17693,96005,113698
72269,90228,162497
25975,99505,125480
93557,33647,127204
49925,72073,121998
36010,46111,82121
32120,11436,43556
83582,62517,146099
32236,82881,115117
47171,82301,129472
56049,41127,97176
87422,43221,130643
31825,31816,63641
84878,47079,131957
91517,33671,125188
62660,72056,134716
92404,30083,122487
78877,78306,157183
83043,53682,136725
95432,88292,183724
30488,70958,101446
32144,88426,120570
96591,97917,194508
96818,60170,156988
41857,85391,127248
9203,76000,85203
29332,21299,50631
13577,26018,39595
10768,45035,55803
46674,72133,118807
10936,7701,18637
36498,17407,53905
42578,34378,76956
29686,38682,68368
92089,12194,104283
24176,83984,108160
88381,99648,188029
29336,73810,103146
69025,82962,151987
60513,47813,108326
96879,88590,185469
39373,71863,111236
2877,78468,81345
79225,65600,144825
32245,45341,77586
85436,52727,138163
57270,50533,107803
76410,69170,145580
91245,79431,170676
73278,90251,163529
14612,70209,84821
63866,38557,102423
17555,88917,106472
8441,51715,60156
13809,38059,51868
34068,29740,63808
44720,72314,117034
42410,78665,121075
31176,55151,86327
35024,95120,130144
43975,24419,68394
57340,51627,108967
57097,64890,121987
12257,97226,109483
29019,70902,99921
15552,3613,19165
33526,69058,102584
66301,81655,147956
59533,56285,115818
68896,92917,161813
34022,19865,53887
37426,30014,67440
4113,8960,13073
89564,51346,140910
73712,98753,172465
37631,22851,60482
19372,84632,104004
55461,39440,94901
52761,83610,136371
81268,49891,131159
27648,32890,60538
46561,85543,132104
66379,90461,156840
33268,76623,109891
106,7469,7575
27541,18438,45979
21850,18988,40838
77344,20804,98148
25551,28790,54341
32192,38723,70915
5285,65750,71035
25710,58769,84479
31607,93381,124988
29811,63535,93346
29902,34699,64601
83773,71356,155129
56238,26117,82355
99162,39594,138756
19550,93981,113531
45244,89760,135004
44745,16435,61180
88542,50057,138599
73706,26188,99894
99978,61751,161729
35146,84803,119949
74346,89515,163861
918,87358,88276
40566,49624,90190
68280,56374,124654
66563,33431,99994
66669,2670,69339
69068,32995,102063
70287,62523,132810
62409,62266,124675
20515,76859,97374
55395,90360,145755
43931,73478,117409
57317,53129,110446
66534,44295,110829
89137,35417,124554
6085,96408,102493
94922,3770,98692
49898,56757,106655
65288,628,65916
6954,75857,82811
4527,92419,96946
77879,65234,143113
94707,33694,128401
68406,86256,154662
90548,48557,139105
53788,64782,118570
21449,64105,85554
45715,26420,72135
80625,66565,147190
35517,3020,38537
93814,35403,129217
72306,31317,103623
18264,25436,43700
26677,32913,59590
93123,84228,177351
75197,70714,145911
85405,98917,184322
9318,93826,103144
80070,10593,90663
43619,74384,118003
29140,89956,119096
25131,50382,75513
20705,85026,105731
22360,88449,110809
29661,64027,93688
83738,9917,93655
41236,75907,117143
32393,45760,78153
81156,33041,114197
95484,50661,146145
63207,89490,152697
89038,70731,159769
71221,81766,152987
83030,72984,156014
91256,50759,142015
26264,6488,32752
61041,75483,136524
9744,13414,23158
23987,4789,28776
6351,29410,35761
70959,38482,109441
46793,39731,86524
17821,24582,42403
74852,17848,92700
28390,60520,88910
9894,91341,101235
75867,67653,143520
33504,67047,100551
71544,40568,112112
63275,43810,107085
28566,88384,116950
48067,97984,146051
4682,45563,50245
13466,6729,20195
60068,40841,100909
95105,21159,116264
67602,66902,134504
22130,53027,75157
72734,87313,160047
85237,24005,109242
85355,64562,149917
47322,96243,143565
42468,52660,95128
81120,39874,120994
33868,78230,112098
8586,18907,27493
41684,27123,68807
37586,25200,62786
61627,5535,67162
77237,71409,148646
94875,58329,153204
79175,76073,155248
55619,33482,89101
92121,14627,106748
1000,28515,29515
5716,97569,103285
91556,9809,101365
39291,90585,129876
79632,463,80095
47033,26600,73633
93503,50168,143671
26593,35770,62363
42008,72887,114895
12626,46071,58697
87338,81724,169062
13781,99452,113233
39604,70289,109893
28018,77494,105512
88733,37957,126690
87871,505,88376
42450,24029,66479
34678,94043,128721
75797,95806,171603
13111,71429,84540
78032,44951,122983
74074,25706,99780
57901,55837,113738
48193,81199,129392
15310,52048,67358
41367,50558,91925
59728,89655,149383
52314,44919,97233
42740,47291,90031
22975,78865,101840
6478,74976,81454
68852,2870,71722
3698,89358,93056
56048,12939,68987
55065,72327,127392
88589,40993,129582
93739,39010,132749
62536,70195,132731
47846,29500,77346
29036,20011,49047
95460,82216,177676
92349,39651,132000
54518,24079,78597
51809,51418,103227
89770,57603,147373
42063,94016,136079
92915,22288,115203
83378,928,84306
33444,37795,71239
38292,73590,111882
87314,70614,157928
39007,14095,53102
81177,33226,114403
79260,25342,104602
23180,52077,75257
24483,75838,100321
63737,42995,106732
26169,16914,43083
60299,2122,62421
61762,56996,118758
57029,74064,131093
15553,27026,42579
82417,42921,125338
66886,35607,102493
45854,76211,122065
58534,39496,98030
61171,25666,86837
66903,91640,158543
11038,60030,71068
57453,38257,95710
72455,39628,112083
19141,59420,78561
18002,25537,43539
41194,4044,45238
16531,87587,104118
82975,4407,87382
25171,56432,81603
71723,35569,107292
1794,95035,96829
3016,37452,40468
74752,14563,89315
19776,92363,112139
97422,13929,111351
30215,41536,71751
53683,42159,95842
52379,92215,144594
94639,62998,157637
75200,45837,121037
5127,69878,75005
75739,98981,174720
39516,55908,95424
84587,11915,96502
92625,91521,184146
78554,51610,130164
8805,15222,24027
37502,96027,133529
85614,55383,140997
19915,37317,57232
53712,65482,119194
65043,67357,132400
45658,32289,77947
49033,52832,101865
47940,44828,92768
84018,39134,123152
51151,99399,150550
8271,32993,41264
83803,1548,85351
47632,78493,126125
95016,77244,172260
13518,87321,100839
12668,4446,17114
53888,37576,91464
60661,26849,87510
86622,11151,97773
70301,94190,164491
59772,92072,151844
89533,63686,153219
15399,39287,54686
76601,14449,91050
46055,40830,86885
53363,95515,148878
16379,15785,32164
74490,67027,141517
74706,30673,105379
85942,55921,141863
22436,61796,84232
1297,72618,73915
50561,86814,137375
60458,71880,132338
98116,13379,111495
43204,18376,61580
96359,76834,173193
88983,65619,154602
52904,14387,67291
65652,84761,150413
6780,44421,51201
98381,35,98416
35364,49120,84484
63436,55398,118834
34583,34454,69037
57771,39127,96898
78230,28429,106659
19945,86075,106020
87498,4605,92103
7643,56248,63891
79337,75916,155253
51174,70902,122076
58807,58203,117010
77150,90644,167794
58873,33654,92527
30441,49880,80321
174,70530,70704
44860,88531,133391
82762,95306,178068
76857,48603,125460
16069,40591,56660
20326,31050,51376
42034,45735,87769
74229,66901,141130
12476,12275,24751
3414,45675,49089
67072,15502,82574
32235,34032,66267
47352,31456,78808
4132,80365,84497
71689,8813,80502
44386,22805,67191
58547,29303,87850
57197,7579,64776
32573,93708,126281
40984,42215,83199
35745,79866,115611
49768,42089,91857
54711,18750,73461
92347,52995,145342
27509,20998,48507
80162,41365,121527
9718,87513,97231
29066,81580,110646
23132,26554,49686
79563,62835,142398
36648,5874,42522
42940,49267,92207
52824,68562,121386
49820,53323,103143
97620,2355,99975
5681,70925,76606
22377,56726,79103
33369,78118,111487
66552,98732,165284
45775,20161,65936
47442,58107,105549
64319,9266,73585
20042,78565,98607
11365,4757,16122
54785,99475,154260
71769,26614,98383
16523,33808,50331
71169,77734,148903
35132,87271,122403
8627,68772,77399
21212,1163,22375
19699,59982,79681
92853,95891,188744
384,35577,35961
24228,94563,118791
5653,5971,11624
85006,97996,183002
52372,48324,100696
50669,15558,66227
45385,86781,132166
7132,17539,24671
73506,31410,104916
9637,41407,51044
83353,42816,126169
98613,50142,148755
2884,67621,70505
65363,297,65660
62001,21217,83218
98789,33980,132769
95903,70910,166813
16343,20078,36421
93466,87924,181390
68421,63273,131694
20661,61465,82126
18467,83294,101761
2842,85349,88191
44694,93927,138621
42868,47737,90605
19513,68140,87653
78063,44655,122718
32485,82109,114594
54056,67876,121932
85756,1957,87713
45797,15553,61350
13284,44002,57286
92761,12427,105188
20313,36434,56747
24672,14681,39353
82328,9494,91822
76064,93400,169464
2582,9354,11936
85627,9696,95323
26227,74894,101121
10970,89846,100816
74535,37603,112138
7473,69398,76871
82128,27143,109271
28295,36351,64646
10089,9990,20079
76474,39883,116357
68397,71386,139783
53719,63990,117709
61428,1079,62507
11110,85122,96232
54973,49726,104699
71024,99823,170847
6309,80832,87141
17602,64967,82569
99164,14603,113767
76078,45319,121397
81526,79638,161164
60125,7520,67645
70948,33296,104244
97517,15841,113358
45082,49884,94966
61411,61045,122456
77870,93348,171218
15147,81451,96598
39458,90232,129690
2357,25116,27473
77533,24867,102400
56151,20142,76293
34045,57042,91087
62145,76828,138973
11419,20780,32199
24233,42496,66729
97854,27555,125409
98837,35435,134272
38370,18102,56472
3849,17788,21637
33573,99884,133457
15558,30957,46515
72976,56709,129685
59233,14874,74107
79801,1820,81621
11770,61684,73454
58381,35373,93754
10328,72896,83224
27467,88036,115503
88441,11743,100184
32748,42024,74772
34933,65538,100471
89678,2219,91897
11996,26413,38409
15149,74595,89744
38687,82568,121255
31490,69268,100758
73194,667,73861
42165,51053,93218
61826,68988,130814
42773,52666,95439
95129,21124,116253
61069,98166,159235
50704,33596,84300
11269,48817,60086
67103,12474,79577
638,24961,25599
32835,76483,109318
49871,49038,98909
12571,60413,72984
30356,75321,105677
20830,62898,83728
71431,37751,109182
28667,49799,78466
9357,53505,62862
26954,76735,103689
81103,12472,93575
37293,50491,87784
36858,61804,98662
82322,60183,142505
5894,32114,38008
22363,16101,38464
33121,41392,74513
13753,31806,45559
16321,96033,112354
33572,14836,48408
82230,66183,148413
55058,15289,70347
83318,61811,145129
81119,60309,141428
91498,85154,176652
35119,9511,44630
89907,93434,183341
3903,54809,58712
34445,78186,112631
26469,93026,119495
41399,17623,59022
37078,89761,126839
41908,18398,60306
72764,69406,142170
90241,53813,144054
74625,40693,115318
55936,18364,74300
34136,32621,66757
31878,25983,57861
20023,78210,98233
32549,60351,92900
87309,15912,103221
36759,7563,44322
11548,64921,76469
34696,83032,117728
10127,50864,60991
46540,43982,90522
16502,21529,38031
17327,77585,94912
1549,36716,38265
17445,28839,46284
72965,73275,146240
223,92017,92240
28418,62872,91290
73605,10337,83942
59055,43134,102189
96368,44041,140409
71691,86968,158659
27455,68159,95614
91223,95210,186433
482,83434,83916
83895,83340,167235
68848,22126,90974
9251,32014,41265
19859,66653,86512
39904,8488,48392
34005,82055,116060
13479,45141,58620
90067,73585,163652
60987,32659,93646
10967,34592,45559
50445,10684,61129
9545,68270,77815
30053,8267,38320
19358,93080,112438
23108,26492,49600
55514,48108,103622
94950,63843,158793
48001,32619,80620
52138,63970,116108
8166,92048,100214
95027,98157,193184
49339,40056,89395
68537,3511,72048
86343,18254,104597
46981,98485,145466
67487,81703,149190
46075,71157,117232
18381,58566,76947
68970,57945,126915
63165,10199,73364
28102,93316,121418
17903,31579,49482
10966,70222,81188
81958,48146,130104
23669,40382,64051
69968,5087,75055
56729,40055,96784
14544,80217,94761
4023,72890,76913
70374,32048,102422
90354,80906,171260
12136,52534,64670
20345,46836,67181
26325,26870,53195
59992,24169,84161
36902,51647,88549
96253,37935,134188
88060,67903,155963
91970,92074,184044
23727,27924,51651
51188,48601,99789
46053,18918,64971
89150,13070,102220
85624,50151,135775
17017,21098,38115
75700,96114,171814
25973,15657,41630
49747,4736,54483
45247,68031,113278
98128,50099,148227
8036,66593,74629
84521,84460,168981
21964,14158,36122
77039,95604,172643
93204,20016,113220
63931,61569,125500
71757,47128,118885
75420,58962,134382
80147,83661,163808
51015,77492,128507
47042,10002,57044
90180,28158,118338
75453,59323,134776
87335,36493,123828
47400,90817,138217
17652,22135,39787
47904,78552,126456
21190,79727,100917
29197,93866,123063
19151,77333,96484
5163,88172,93335
85936,66071,152007
36498,26841,63339
54779,84434,139213
33687,24981,58668
66439,93927,160366
22786,52913,75699
46795,66028,112823
93684,63679,157363
48970,9382,58352
67710,94613,162323
11598,15187,26785
99676,19658,119334
45171,72360,117531
3975,53758,57733
14700,38651,53351
24717,53565,78282
69724,4428,74152
12466,1515,13981
69940,35097,105037
52065,34360,86425
54188,90023,144211
21827,64422,86249
91653,51804,143457
4909,26237,31146
84309,49693,134002
2229,17358,19587
59796,6101,65897
37829,20640,58469
96983,47937,144920
24235,1203,25438
71681,70650,142331
95286,53514,148800
83701,78182,161883
42334,89462,131796
56808,22301,79109
50413,39003,89416
86930,9649,96579
64659,17211,81870
31502,2993,34495
25228,90698,115926
36235,91375,127610
34034,67080,101114
85582,41084,126666
10379,97958,108337
79684,82748,162432
69907,60330,130237
72710,16279,88989
23318,84239,107557
9940,39505,49445
89727,87152,176879
11081,12893,23974
34391,80009,114400
73690,58250,131940
1628,33825,35453
74638,73073,147711
74712,73600,148312
56443,59707,116150
8116,8968,17084
26785,13727,40512
46777,89667,136444
38203,52957,91160
46728,15618,62346
96105,74619,170724
13409,63427,76836
49533,44016,93549
35893,70792,106685
63701,69361,133062
92972,70190,163162
25505,17212,42717
20243,63259,83502
30009,30705,60714
55263,34685,89948
8599,17172,25771
60059,44336,104395
53408,10988,64396
66827,87679,154506
5233,24915,30148
81220,328,81548
53564,16644,70208
71344,45369,116713
7971,87653,95624
93311,13753,107064
69307,89064,158371
63519,86182,149701
67256,13579,80835
93064,44980,138044
38710,9254,47964
74578,8846,83424
92873,82739,175612
53353,1511,54864
82085,61852,143937
91585,61729,153314
47436,84520,131956
46987,56411,103398
18147,69047,87194
45112,76519,121631
51819,89930,141749
50343,8253,58596
82763,49169,131932
59953,11423,71376
80170,55239,135409
77525,13379,90904
25705,55538,81243
68852,18887,87739
73546,49541,123087
53050,41334,94384
72222,77039,149261
32437,14638,47075
72960,31183,104143
69447,16170,85617
34061,53087,87148
55152,84991,140143
69730,7049,76779
91136,20055,111191
62192,49970,112162
54135,13143,67278
63363,97667,161030
64366,29855,94221
22422,5078,27500
39244,38084,77328
11828,32571,44399
2488,56427,58915
63175,14661,77836
8909,32155,41064
13105,23262,36367
56820,37877,94697
78203,70619,148822
50337,51856,102193
65657,24489,90146
26464,38140,64604
71559,51783,123342
98998,53411,152409
44462,52722,97184
23557,65410,88967
80452,33828,114280
68838,40936,109774
55778,892,56670
50722,24927,75649
83981,41127,125108
61479,56119,117598
51192,28271,79463
30800,29436,60236
60070,70539,130609
96891,14107,110998
5307,77890,83197
33656,23119,56775
46456,60688,107144
9225,60409,69634
81686,89416,171102
9113,67053,76166
75407,74346,149753
39604,20496,60100
56977,46864,103841
52965,77793,130758
97318,23467,120785
4384,28807,33191
30192,31638,61830
63873,32898,96771
62290,90124,152414
47490,49666,97156
90004,14791,104795
58529,66357,124886
72963,38141,111104
55700,92910,148610
55708,82411,138119
23540,93519,117059
28441,62468,90909
48206,17123,65329
32791,40370,73161
97127,10715,107842
93304,41261,134565
12186,65156,77342
59661,9796,69457
69744,18134,87878
81736,20473,102209
77609,9335,86944
71403,52494,123897
64754,8518,73272
35800,47824,83624
25128,91651,116779
22102,1221,23323
33462,27495,60957
54142,10375,64517
70639,25643,96282
9991,42482,52473
77223,83,77306
52025,73418,125443
28065,5188,33253
88091,39100,127191
33398,37146,70544
1548,70918,72466
73978,15104,89082
94946,44780,139726
36616,32905,69521
37122,17068,54190
57373,32934,90307
63713,50637,114350
32868,95158,128026
4607,98825,103432
80092,54775,134867
12578,30153,42731
27601,90330,117931
99391,48223,147614
12385,2644,15029
75588,19026,94614
77455,73193,150648
99094,50418,149512
85645,11234,96879
92186,6306,98492
5142,82676,87818
58797,6876,65673
56861,52030,108891
51630,62668,114298
67078,28001,95079
54255,26085,80340
62352,331,62683
90155,95675,185830
36320,84,36404
64718,86293,151011
91247,31404,122651
32463,27240,59703
77991,53544,131535
44293,29507,73800
87098,18015,105113
56057,42883,98940
62611,27402,90013
41148,2109,43257
96444,11332,107776
15926,75877,91803
22424,71334,93758
70293,79616,149909
14836,76062,90898
9422,99272,108694
70491,11573,82064
70932,39242,110174
7782,21024,28806
12283,84195,96478
66148,73981,140129
78216,49760,127976
66623,71077,137700
48694,94004,142698
49758,40642,90400
77156,83611,160767
38531,14356,52887
64464,49904,114368
43411,13461,56872
60694,87079,147773
72274,16888,89162
26465,14812,41277
65415,47609,113024
24089,93506,117595
51005,82418,133423
51005,1499,52504
33279,48892,82171
69549,16285,85834
83513,17443,100956
94198,82110,176308
47525,57207,104732
28922,20535,49457
79840,89245,169085
54537,39155,93692
15431,22653,38084
3743,12817,16560
56417,14155,70572
88855,80674,169529
41321,23428,64749
23586,76386,99972
61889,45007,106896
41722,36651,78373
55718,76124,131842
82246,13552,95798
76857,96945,173802
99665,82049,181714
32253,58584,90837
22504,99583,122087
83643,33560,117203
45765,70209,115974
31998,27674,59672
6469,76879,83348
68497,70455,138952
32475,45209,77684
44825,39220,84045
44013,92541,136554
80760,7930,88690
91765,18656,110421
86025,32547,118572
44200,95063,139263
92306,4124,96430
73102,44208,117310
58928,51864,110792
47991,40806,88797
46872,23856,70728
34743,82461,117204
53504,10904,64408
27508,9612,37120
98436,64733,163169
7036,1282,8318
75596,54967,130563
92690,6636,99326
2726,2220,4946
46752,37083,83835
10919,23802,34721
85029,50004,135033
7342,96303,103645
19227,50830,70057
40981,2282,43263
94303,92200,186503
34001,61966,95967
78071,62993,141064
36497,28676,65173
83095,93832,176927
48366,43318,91684
70460,22643,93103
46346,82456,128802
36792,39394,76186
29183,71970,101153
51590,81214,132804
93330,64221,157551
44132,22400,66532
54684,40859,95543
76031,57875,133906
82285,81457,163742
59151,62463,121614
68602,71258,139860
37642,70283,107925
90681,12152,102833
89805,48715,138520
50583,50438,101021
70933,33302,104235
14102,88839,102941
38950,14171,53121
27118,44953,72071
19936,57988,77924
63162,20824,83986
76534,29577,106111
6735,80321,87056
55270,98514,153784
78078,35730,113808
21997,62334,84331
72491,7569,80060
20292,8828,29120
79525,26261,105786
65116,31792,96908
13431,7232,20663
15688,58389,74077
65077,97763,162840
25313,1353,26666
70379,57371,127750
47621,21730,69351
67580,63953,131533
14691,92564,107255
26964,77226,104190
2987,94777,97764
72180,74542,146722
68266,17252,85518
33952,88327,122279
24689,43859,68548
47437,11182,58619
83571,63317,146888
29396,82328,111724
5544,38662,44206
27700,27808,55508
2111,33624,35735
43837,1871,45708
49015,40934,89949
81215,34336,115551
95056,23911,118967
31542,48870,80412
8971,19562,28533
63468,86631,150099
16146,76877,93023
12281,10760,23041
78769,3494,82263
68553,21088,89641
84784,70597,155381
16962,83830,100792
49859,68884,118743
31123,43864,74987
33345,72731,106076
24868,83445,108313
62028,73805,135833
60625,97467,158092
17122,14531,31653
25069,14080,39149
42254,85254,127508
35273,63609,98882
14009,38059,52068
92602,76202,168804
21985,59120,81105
7015,77085,84100
1400,54829,56229
16612,37640,54252
22184,70163,92347
38556,95219,133775
38707,84467,123174
83688,25974,109662
18178,20832,39010
49246,52799,102045
5441,41216,46657
50685,26806,77491
60273,54856,115129
22668,90794,113462
59423,23617,83040
42019,81879,123898
51501,78244,129745
46481,29048,75529
6517,90055,96572
48420,79680,128100
78263,30438,108701
66108,88586,154694
84607,65784,150391
72840,39705,112545
20019,22240,42259
8767,16117,24884
18620,52395,71015
67034,49364,116398
48919,2139,51058
25234,35747,60981
70747,33703,104450
10291,17661,27952
74260,76374,150634
8058,23061,31119
97849,11246,109095
73194,29617,102811
68581,21721,90302
96085,40060,136145
96239,23949,120188
33504,36578,70082
50988,9181,60169
57998,86975,144973
24103,14035,38138
19450,33839,53289
60058,33744,93802
9050,39849,48899
89061,54436,143497
69718,63944,133662
71647,71032,142679
57749,7351,65100
65668,20501,86169
2900,31681,34581
54545,91450,145995
72317,87257,159574
62163,9480,71643
95359,2737,98096
19461,68967,88428
58433,617,59050
19738,34059,53797
32404,57480,89884
64612,13464,78076
80071,73809,153880
74909,99221,174130
38589,64752,103341
26814,80162,106976
97125,20315,117440
50958,59913,110871
90465,88480,178945
87755,8023,95778
14821,44227,59048
6047,90567,96614
27104,76209,103313
18214,36728,54942
16225,29433,45658
23435,20011,43446
50171,58216,108387
15876,81964,97840
9096,55106,64202
18167,30579,48746
73707,31237,104944
23657,10371,34028
99063,75092,174155
51633,21005,72638
62846,1221,64067
51765,77140,128905
7454,15175,22629
3785,28136,31921
95898,53419,149317
89390,82738,172128
33051,49420,82471
30994,22299,53293
33865,22136,56001
53204,17847,71051
17488,44255,61743
42093,31231,73324
9848,87106,96954
66188,18693,84881
901,38966,39867
52708,89548,142256
28221,80436,108657
70510,97661,168171
78897,91740,170637
43500,61400,104900
92237,21546,113783
35705,74129,109834
50827,41695,92522
65745,30558,96303
26853,64473,91326
74928,64313,139241
22725,20187,42912
45435,82211,127646
31609,70144,101753
78906,59803,138709
91743,23191,114934
59115,48057,107172
42842,47205,90047
17276,57322,74598
34265,77176,111441
65219,45243,110462
26617,7423,34040
80148,6269,86417
1095,23292,24387
58962,56184,115146
78620,47394,126014
34142,78847,112989
48508,8020,56528
20674,9130,29804
71333,55242,126575
58245,99906,158151
27919,26269,54188
83014,61433,144447
77743,55616,133359
30966,67739,98705
98743,23877,122620
49616,37495,87111
45077,7937,53014
72892,85170,158062
48454,28517,76971
55690,31504,87194
11440,80841,92281
32807,17110,49917
11075,10277,21352
78386,26833,105219
67331,5898,73229
4952,26692,31644
39448,67995,107443
31020,30439,61459
50619,26758,77377
1949,16711,18660
29654,26856,56510
47902,92592,140494
20653,23206,43859
81001,24281,105282
57270,49853,107123
23686,82753,106439
91218,98833,190051
71935,60946,132881
42133,72322,114455
93925,73885,167810
85703,67205,152908
82402,18209,100611
14941,6786,21727
25349,98303,123652
98419,73830,172249
40121,75632,115753
11113,68678,79791
87625,7244,94869
42653,1716,44369
21494,39019,60513
84422,94458,178880
69086,53292,122378
7056,7530,14586
84933,58516,143449
3635,17487,21122
55908,20157,76065
33185,74975,108160
51168,50125,101293
94638,45718,140356
9795,92442,102237
67912,58902,126814
73361,61179,134540
21790,65605,87395
6642,85727,92369
47554,84456,132010
79014,17536,96550
84649,14187,98836
23626,12630,36256
2635,4033,6668
39116,51502,90618
27243,160,27403
21773,70186,91959
27904,96558,124462
78780,30360,109140
28687,81489,110176
29367,76566,105933
23903,80145,104048
52743,44731,97474
15856,66709,82565
64689,99632,164321
92736,60900,153636
39044,85359,124403
89548,90820,180368
12711,82477,95188
77334,24531,101865
28089,60528,88617
19536,48908,68444
46798,12697,59495
97352,25900,123252
63581,53584,117165
6851,75546,82397
10519,70540,81059
91541,71903,163444
90701,47116,137817
4014,64652,68666
61374,84422,145796
9548,6265,15813
11080,50596,61676
13186,64599,77785
60624,49056,109680
53204,18598,71802
13881,71476,85357
51458,97050,148508
97365,9548,106913
75370,53297,128667
80981,35518,116499
4427,61639,66066
79791,74568,154359
3552,29620,33172
1805,25603,27408
48625,2293,50918
31011,99844,130855
8932,24278,33210
426,81725,82151
7392,19427,26819
77257,91250,168507
24778,88673,113451
76660,44090,120750
47502,22658,70160
34716,24738,59454
44865,76785,121650
68301,62439,130740
140,10578,10718
16530,6140,22670
82425,1692,84117
23814,62272,86086
91399,89810,181209
60309,4096,64405
44605,53813,98418
17945,82626,100571
55833,92420,148253
79711,47137,126848
26846,1776,28622
79371,5313,84684
89252,4776,94028
6319,90338,96657
62746,40331,103077
78851,81217,160068
35454,5721,41175
12538,120,12658
10474,24415,34889
48841,11506,60347
13061,83998,97059
57992,11982,69974
46436,50931,97367
83663,68651,152314
5613,28930,34543
5446,52172,57618
71119,63867,134986
54498,72365,126863
63711,42948,106659
44868,23027,67895
87011,86896,173907
271,18166,18437
22574,16985,39559
42455,53748,96203
27903,36406,64309
18038,16628,34666
30341,50921,81262
13165,27875,41040
28074,81057,109131
16612,46666,63278
17731,72726,90457
20738,23471,44209
1011,53977,54988
31983,60991,92974
87856,76258,164114
65181,26502,91683
76779,85736,162515
30519,7463,37982
98290,71561,169851
6660,27460,34120
31925,48749,80674
16975,15476,32451
60143,69910,130053
245,16211,16456
68550,91831,160381
56248,98791,155039
59681,44400,104081
62877,762,63639
89830,26850,116680
31649,62025,93674
42322,17379,59701
78878,44149,123027
49211,68806,118017
61656,62915,124571
54668,90053,144721
97158,12691,109849
54900,18923,73823
24059,53273,77332
51877,12145,64022
68542,84081,152623
31418,12661,44079
86618,99487,186105
33121,6072,39193
4060,39124,43184
20017,54477,74494
16072,95305,111377
92996,23979,116975
74065,69680,143745
72559,45613,118172
79222,42439,121661
9008,58574,67582
59905,63860,123765
25201,26647,51848
9069,15283,24352
92258,21496,113754
25858,80175,106033
20715,6980,27695
36251,77739,113990
99324,23375,122699
44764,83886,128650
55656,88907,144563
50003,86984,136987
91870,58589,150459
47807,23168,70975
73796,45691,119487
60763,67602,128365
92217,52231,144448
89565,10336,99901
6852,40391,47243
91096,36907,128003
6226,28727,34953
4577,45687,50264
64828,69238,134066
96489,6467,102956
35106,97726,132832
6206,18331,24537
49738,4721,54459
95382,93896,189278
84712,52888,137600
44835,42787,87622
11066,56891,67957
52120,78105,130225
6960,41379,48339
87739,64207,151946
1074,66144,67218
18224,50630,68854
72095,9928,82023
31128,10769,41897
696,13720,14416
84912,73152,158064
23564,71051,94615
25558,26911,52469
73936,12303,86239
81290,20220,101510
77425,2531,79956
69988,24176,94164
61773,54941,116714
39125,61885,101010
16323,49646,65969
17048,59011,76059
68458,12355,80813
62472,3403,65875
82166,61126,143292
97209,39266,136475
81270,18710,99980
24185,7073,31258
7717,82404,90121
86877,65838,152715
93125,60895,154020
97238,48973,146211
66902,74645,141547
18947,74999,93946
96531,3641,100172
80775,78705,159480
89119,87906,177025
37450,40306,77756
30054,4198,34252
45129,11940,57069
52607,28638,81245
44885,73370,118255
6690,74561,81251
66033,93893,159926
7009,46672,53681
21590,81987,103577
84842,3500,88342
85885,14921,100806
15784,15773,31557
69722,40480,110202
45922,10070,55992
31797,85526,117323
41899,30691,72590
84960,26434,111394
41640,46105,87745
45168,25597,70765
6274,49809,56083
35372,63672,99044
11765,55838,67603
81804,76248,158052
54220,25774,79994
86960,56210,143170
48239,4215,52454
63379,8039,71418
30451,63350,93801
70286,28623,98909
75681,46869,122550
28334,31003,59337
62020,72609,134629
40205,90764,130969
40931,18674,59605
1487,59769,61256
691,52462,53153
55081,42333,97414
81089,83581,164670
20125,1370,21495
58888,74932,133820
54004,85746,139750
28289,17856,46145
66886,94581,161467
79175,46028,125203
10872,32379,43251
1581,91113,92694
42451,31637,74088
82065,28941,111006
45944,22890,68834
7333,96981,104314
47597,99545,147142
13148,47786,60934
88129,51711,139840
52578,84951,137529
81453,36651,118104
23998,72438,96436
9860,96245,106105
67923,69582,137505
70272,74902,145174
70211,49579,119790
56107,49010,105117
15738,94589,110327
47551,92152,139703
23934,73637,97571
14494,61313,75807
12460,5527,17987
20087,64453,84540
63188,60300,123488
84093,73474,157567
15389,35398,50787
45950,56473,102423
38390,39629,78019
37774,5495,43269
717,21810,22527
38197,23383,61580
62169,4992,67161
36035,47285,83320
67254,44625,111879
28625,2154,30779
51303,89581,140884
58541,17831,76372
56457,2841,59298
85014,62679,147693
94381,28340,122721
81285,19074,100359
38743,24578,63321
74986,36345,111331
54443,81210,135653
43664,79671,123335
58605,39678,98283
71185,95623,166808
55531,53835,109366
44470,50877,95347
82697,91669,174366
70725,17621,88346
93250,16970,110220
70419,67871,138290
12728,89981,102709
61615,22466,84081
93850,57496,151346
10862,47602,58464
57908,51699,109607
4894,3072,7966
58721,37483,96204
24038,12250,36288
62289,90319,152608
90870,28853,119723
85108,65898,151006
57242,94429,151671
93703,15538,109241
77976,23835,101811
17096,82756,99852
61513,58224,119737
47823,92416,140239
27400,13062,40462
71217,81007,152224
57501,53703,111204
75629,27550,103179
47814,66943,114757
65361,10719,76080
91417,23417,114834
82140,91509,173649
80836,32072,112908
21986,4373,26359
75586,23501,99087
13015,76769,89784
78055,25567,103622
84867,27955,112822
75948,93406,169354
74824,77442,152266
14719,10614,25333
12306,60396,72702
30987,34113,65100
87515,20009,107524
12447,17171,29618
53100,31082,84182
84954,55087,140041
41557,78515,120072
43619,6732,50351
80679,39207,119886
56949,35633,92582
98656,20648,119304
60939,55376,116315
12542,4011,16553
42598,92695,135293
36604,67592,104196
22945,11089,34034
31093,42472,73565
49920,8342,58262
50483,57660,108143
97910,73834,171744
52455,99521,151976
91965,26967,118932
5817,48069,53886
18588,68170,86758
55370,61394,116764
17823,70580,88403
51982,28315,80297
49275,81134,130409
54537,87920,142457
28388,65611,93999
95402,61863,157265
80352,22692,103044
93818,36303,130121
28005,76457,104462
2576,61544,64120
77141,47725,124866
4686,78871,83557
47465,20637,68102
66700,45788,112488
70098,90776,160874
55946,86681,142627
19209,17593,36802
86315,34953,121268
16335,8328,24663
70430,11249,81679
3965,88901,92866
79652,78908,158560
93279,98170,191449
34962,46244,81206
29591,38038,67629
94817,61422,156239
23862,52521,76383
46241,74257,120498
96039,2175,98214
51689,76873,128562
9797,99483,109280
35825,84737,120562
11525,5725,17250
1282,62657,63939
26251,15084,41335
30057,13730,43787
34510,30638,65148
74648,58593,133241
15796,35863,51659
5973,95147,101120
74752,38109,112861
10587,50223,60810
55603,85688,141291
26670,66457,93127
74208,11520,85728
809,58170,58979
63549,87757,151306
33268,60458,93726
67925,70142,138067
88278,82996,171274
25364,26683,52047
60663,90455,151118
47654,12193,59847
54443,40038,94481
87178,92439,179617
11033,6066,17099
51346,39052,90398
19098,42622,61720
24359,30869,55228
78244,98944,177188
88005,59586,147591
90852,41507,132359
23343,89468,112811
5711,15572,21283
25395,63496,88891
59822,31067,90889
68193,78367,146560
44480,44444,88924
89386,65699,155085
63132,46509,109641
84225,64816,149041
38733,38298,77031
13906,51478,65384
67782,69880,137662
73119,25136,98255
50435,33540,83975
37546,8483,46029
16991,79579,96570
91859,23054,114913
10322,70459,80781
18473,83300,101773
62807,31440,94247
44641,90607,135248
82995,78310,161305
34079,83326,117405
8823,14690,23513
64405,56234,120639
75077,72143,147220
95027,63556,158583
2656,89010,91666
44938,74442,119380
73254,92635,165889
19217,55786,75003
15752,19958,35710
40805,61638,102443
31337,23850,55187
89254,65349,154603
67711,95211,162922
88958,47657,136615
18708,78111,96819
76390,6661,83051
74038,65308,139346
53221,44854,98075
78650,31522,110172
47337,91005,138342
75673,93527,169200
36847,1829,38676
55967,84899,140866
3321,47210,50531
62711,88758,151469
11546,38948,50494
77766,2017,79783
13814,21326,35140
30170,68428,98598
52073,33378,85451
77623,91673,169296
2263,36175,38438
19814,15295,35109
46018,4606,50624
54866,59994,114860
29536,58665,88201
4583,52083,56666
31687,46367,78054
52368,75603,127971
86508,37453,123961
26109,18316,44425
8375,3637,12012
70355,5362,75717
14135,31802,45937
77685,88843,166528
82040,86828,168868
97364,93981,191345
17427,47384,64811
14383,10548,24931
73768,75222,148990
5937,12301,18238
63750,41065,104815
55050,31596,86646
50500,20638,71138
48816,93869,142685
51256,38551,89807
25893,91206,117099
78098,73812,151910
21272,33521,54793
78382,5692,84074
34305,18851,53156
24297,47897,72194
77963,95926,173889
72204,7722,79926
31402,21997,53399
18883,11097,29980
88310,20255,108565
6951,5316,12267
71151,71757,142908
57380,11567,68947
2511,60418,62929
53206,69082,122288
97085,82563,179648
23336,50406,73742
21643,60023,81666
61476,36220,97696
52252,51998,104250
23746,11722,35468
26433,30568,57001
52139,48064,100203
91158,28894,120052
77460,3274,80734
13785,7262,21047
26978,57971,84949
71049,72987,144036
43470,97247,140717
26433,43861,70294
38090,92540,130630
30433,64070,94503
33892,22520,56412
33032,61676,94708
7923,82092,90015
77475,80008,157483
70078,59144,129222
98188,40528,138716
67585,47475,115060
4075,37707,41782
20133,28904,49037
51362,48391,99753
10456,79343,89799
31245,97337,128582
84949,36238,121187
4937,85354,90291
64394,82729,147123
19706,41514,61220
33674,17938,51612
87071,45680,132751
16016,4884,20900
8387,27674,36061
32908,72519,105427
36805,78028,114833
88976,88427,177403
87444,54796,142240
69063,66103,135166
17185,86689,103874
55708,50904,106612
40038,77491,117529
70070,25520,95590
31426,54499,85925
79598,52943,132541
8602,18382,26984
62079,19000,81079
19944,10707,30651
29430,63446,92876
79024,73344,152368
22288,84527,106815
85151,63537,148688
79142,35127,114269
14649,14970,29619
63084,19008,82092
20504,22655,43159
25093,99728,124821
9213,830,10043
86304,46826,133130
35038,53906,88944
73656,2332,75988
3552,27298,30850
48220,46602,94822
24711,44163,68874
63363,35016,98379
45467,7994,53461
36919,83573,120492
65442,75748,141190
89126,81896,171022
76737,61990,138727
6917,43567,50484
59429,89980,149409
20182,15294,35476
65527,63183,128710
18827,29191,48018
75520,22167,97687
50812,20758,71570
42362,7259,49621
74879,19077,93956
63188,13971,77159
75738,75540,151278
51937,8440,60377
74901,80318,155219
78430,43902,122332
22006,27071,49077
38930,30891,69821
87378,76209,163587
83714,99731,183445
18188,40312,58500
95188,23056,118244
41626,62164,103790
16458,63701,80159
74485,64156,138641
82646,57054,139700
33702,82880,116582
31621,68078,99699
92786,52750,145536
70539,9432,79971
49581,69808,119389
67983,4686,72669
28577,95744,124321
5971,9994,15965
31346,78544,109890
75951,77344,153295
60156,92786,152942
45400,17534,62934
98533,97873,196406
96504,32584,129088
66249,10781,77030
1834,54340,56174
75944,12110,88054
80587,93308,173895
65350,29574,94924
88552,57722,146274
93553,24511,118064
93350,6342,99692
80303,42779,123082
23461,28825,52286
24507,10882,35389
17180,57566,74746
96502,72079,168581
92806,68482,161288
76726,92136,168862
73716,4696,78412
1716,54106,55822
48716,4516,53232
37220,86469,123689
69007,31753,100760
26305,40111,66416
95975,14013,109988
80995,52905,133900
7421,36952,44373
3781,96488,100269
11640,19415,31055
9150,12991,22141
32352,58569,90921
37231,32157,69388
54655,7907,62562
31105,69924,101029
33740,47218,80958
71568,22897,94465
40887,43538,84425
18411,97918,116329
54766,67937,122703
5533,14737,20270
19038,28387,47425
69178,32120,101298
4188,71002,75190
68228,26508,94736
81297,52424,133721
57240,72608,129848
2683,14332,17015
70053,82602,152655
83669,6533,90202
66267,81188,147455
9874,67486,77360
20848,25501,46349
67026,27016,94042
22490,57325,79815
61193,7461,68654
32762,95341,128103
7489,14055,21544
69238,60794,130032
15480,95448,110928
87099,1860,88959
18527,23042,41569
24555,4708,29263
87468,99059,186527
24604,57577,82181
56493,43795,100288
50088,15047,65135
64726,56600,121326
28951,57749,86700
22012,59170,81182
86722,12754,99476
68752,33554,102306
59506,49022,108528
67699,35829,103528
68053,5854,73907
60397,65435,125832
71464,45413,116877
22992,52653,75645
62302,90929,153231
53263,12119,65382
40164,55885,96049
44004,14170,58174
21416,17784,39200
94435,82743,177178
74016,81186,155202
37818,989,38807
17559,1463,19022
94057,88178,182235
86458,36836,123294
48414,6030,54444
43036,14491,57527
91517,10263,101780
98557,77999,176556
16350,74078,90428
22079,78011,100090
36048,95882,131930
65884,8473,74357
47562,21893,69455
75877,9608,85485
75649,88778,164427
12352,46817,59169
60438,52949,113387
53789,60708,114497
97574,6136,103710
20039,50941,70980
8343,11988,20331
16652,42083,58735
70756,78869,149625
21338,65090,86428
38908,78954,117862
13704,54508,68212
20542,62439,82981
54961,42792,97753
78887,71347,150234
40669,39922,80591
50209,62646,112855
26601,31319,57920
4944,76660,81604
55403,34613,90016
49622,79479,129101
25961,83873,109834
27726,61296,89022
19563,6406,25969
73014,24809,97823
27312,79196,106508
57747,85389,143136
54902,94908,149810
65816,33287,99103
69225,98657,167882
1366,99786,101152
46805,87120,133925
24091,72884,96975
95811,88412,184223
77933,56545,134478
28446,3790,32236
74926,8849,83775
63349,6015,69364
63831,75297,139128
58114,40422,98536
93920,15932,109852
28648,16187,44835
14994,58173,73167
10815,97515,108330
65858,14654,80512
70203,17315,87518
45285,2343,47628
38971,16959,55930
63468,24074,87542
19230,43740,62970
82490,21809,104299
15017,97687,112704
26954,51569,78523
97145,49629,146774
11838,13740,25578
80781,70806,151587
78137,36659,114796
67686,57087,124773
2367,18666,21033
2105,76196,78301
79503,25852,105355
34593,4771,39364
41164,56445,97609
57112,31317,88429
75150,41004,116154
94675,4386,99061
45033,98928,143961
63289,76302,139591
44879,24148,69027
78827,31688,110515
68805,54126,122931
91307,16927,108234
3346,27502,30848
6779,64197,70976
7990,28672,36662
60741,65332,126073
83920,4691,88611
89479,92503,181982
21369,78662,100031
1653,45681,47334
39694,75238,114932
11557,53616,65173
91346,88459,179805
95322,31211,126533
5679,18349,24028
87586,82079,169665
49862,61567,111429
73980,19122,93102
4834,98019,102853
63579,9124,72703
49734,44587,94321
4305,78117,82422
22182,42887,65069
13773,99074,112847
7072,65218,72290
30807,56729,87536
81140,86650,167790
95182,64097,159279
26110,97449,123559
72855,40019,112874
82140,73181,155321
54499,40310,94809
14754,56967,71721
75424,50076,125500
66015,51938,117953
4878,35415,40293
66501,44572,111073
906,38536,39442
52518,15649,68167
7813,12252,20065
42730,25691,68421
79776,31031,110807
96047,35729,131776
38097,40065,78162
48347,76119,124466
16085,913,16998
91432,80627,172059
99518,1052,100570
64386,82903,147289
11860,81144,93004
35212,83233,118445
66138,66177,132315
89278,75366,164644
89391,57534,146925
38307,46508,84815
76487,43230,119717
56637,56207,112844
62080,61962,124042
22665,8703,31368
36039,34210,70249
33453,17415,50868
9453,60516,69969
70432,42142,112574
11910,691,12601
40967,77933,118900
11908,39282,51190
47039,48258,95297
60235,10663,70898
78396,11653,90049
97044,37113,134157
96459,49822,146281
77844,10934,88778
85736,37602,123338
80116,72599,152715
49851,1177,51028
85677,74814,160491
69885,62974,132859
61719,64459,126178
23366,94881,118247
18980,30191,49171
92181,39490,131671
9562,22098,31660
82035,74983,157018
71863,17715,89578
94679,34309,128988
76753,80808,157561
84100,19450,103550
4095,87511,91606
73176,34317,107493
27583,5426,33009
89883,22521,112404
4753,738,5491
7301,57845,65146
66563,39070,105633
85185,20863,106048
31874,33157,65031
38414,71139,109553
6744,44633,51377
76358,8503,84861
97623,7778,105401
88171,78435,166606
48914,8163,57077
67968,60624,128592
70668,82954,153622
51741,2095,53836
69018,681,69699
87673,52251,139924
11549,69545,81094
31042,15495,46537
8986,4925,13911
87011,72024,159035
11611,16590,28201
71870,70406,142276
35449,38001,73450
8548,79911,88459
47591,85108,132699
22958,6715,29673
23946,94077,118023
22393,12366,34759
20719,3164,23883
28747,12301,41048
39112,49934,89046
63562,90879,154441
29157,44407,73564
66203,28405,94608
22284,74260,96544
8874,54114,62988
70961,83460,154421
81045,24657,105702
77539,25966,103505
34061,28704,62765
84127,77937,162064
62271,57117,119388
32638,35001,67639
25000,26465,51465
30735,71174,101909
21206,5795,27001
83110,39378,122488
18435,398,18833
42925,75858,118783
5612,13307,18919
71338,30072,101410
43730,87431,131161
68377,59825,128202
72703,48012,120715
96375,36667,133042
98665,98288,196953
9289,70025,79314
55249,53843,109092
97290,72880,170170
67593,55234,122827
92725,7450,100175
7757,91068,98825
47165,78497,125662
59638,55399,115037
36901,33927,70828
42864,78193,121057
72280,13902,86182
61247,94023,155270
23676,95316,118992
7547,70830,78377
61861,59484,121345
48818,96825,145643
29831,28012,57843
2687,16768,19455
56562,41020,97582
52778,25390,78168
42598,37989,80587
62748,58847,121595
79028,20136,99164
8423,3190,11613
5754,83163,88917
87521,26761,114282
81113,25812,106925
97706,67083,164789
2627,50460,53087
3087,11186,14273
57077,91724,148801
66998,33163,100161
41867,18323,60190
36428,41152,77580
47412,81061,128473
90835,11695,102530
37849,69322,107171
59327,94001,153328
91746,22910,114656
61319,99576,160895
8561,3121,11682
91937,53813,145750
43296,7715,51011
96407,27404,123811
31154,38255,69409
4864,97597,102461
11840,67161,79001
62962,69609,132571
25629,2012,27641
35535,28724,64259
50362,78381,128743
36970,18263,55233
69654,98082,167736
83085,61652,144737
18241,36035,54276
74938,3415,78353
21671,867,22538
86781,23550,110331
73962,597,74559
25667,41740,67407
9293,45346,54639
7019,55237,62256
91554,33103,124657
16207,80166,96373
90752,88608,179360
1555,6536,8091
31289,19065,50354
98276,49613,147889
38212,53144,91356
69764,833,70597
99879,1355,101234
82275,61848,144123
69609,89449,159058
95967,18778,114745
20039,96680,116719
43237,47970,91207
84250,62892,147142
89017,57482,146499
23709,90747,114456
41219,71364,112583
62828,23497,86325
28546,52739,81285
38762,79293,118055
3918,77319,81237
90684,12633,103317
98106,52611,150717
72349,34293,106642
45311,75703,121014
36011,86303,122314
58565,15851,74416
77143,51054,128197
28165,35623,63788
27658,28209,55867
47477,711,48188
81772,56392,138164
25249,5976,31225
20567,64155,84722
99885,75395,175280
90074,30259,120333
70948,23382,94330
95586,88845,184431
27216,12415,39631
42702,17136,59838
8013,78323,86336
31744,26764,58508
12821,76672,89493
223,82389,82612
97044,66096,163140
40768,24356,65124
56356,40374,96730
42487,15659,58146
5259,113,5372
27228,86271,113499
98027,99638,197665
75879,69975,145854
59661,79887,139548
2106,31786,33892
20256,99007,119263
1073,11044,12117
28540,12230,40770
68570,52228,120798
48477,22350,70827
98661,19662,118323
81134,38084,119218
81171,785,81956
82354,80221,162575
81229,76990,158219
11341,50536,61877
38568,96518,135086
79870,42461,122331
15527,86547,102074
63273,47482,110755
91613,17817,109430
96820,24505,121325
67960,7140,75100
36046,74446,110492
19084,62123,81207
14142,87713,101855
36818,13332,50150
66332,65308,131640
82980,55028,138008
76327,54606,130933
19038,24641,43679
34078,89733,123811
68063,19581,87644
60541,33550,94091
15312,79665,94977
29330,14041,43371
17151,63999,81150
93327,37147,130474
76887,17180,94067
42536,40498,83034
32328,41560,73888
79999,83289,163288
47899,5086,52985
9243,62801,72044
38680,77058,115738
85806,36497,122303
5448,53736,59184
79098,59108,138206
68220,44147,112367
57979,24693,82672
70104,13593,83697
32125,63766,95891
52923,85111,138034
64018,91006,155024
27989,20381,48370
52157,22383,74540
47892,75915,123807
98288,71479,169767
95452,89627,185079
90801,16928,107729
62705,99217,161922
39820,79131,118951
80382,27348,107730
70752,18857,89609
22285,69698,91983
58650,6335,64985
42453,99863,142316
24591,75270,99861
60518,10555,71073
34252,50494,84746
25795,79087,104882
37352,34772,72124
17832,38023,55855
14532,60392,74924
62978,12262,75240
69747,68808,138555
20825,24326,45151
87263,59352,146615
4692,44772,49464
78535,78325,156860
91194,33658,124852
36532,69644,106176
22635,20955,43590
89141,33873,123014
39310,90715,130025
68918,62788,131706
33616,45138,78754
57427,11407,68834
71019,4366,75385
7113,37971,45084
43073,65459,108532
39955,75055,115010
17188,71531,88719
71658,49695,121353
56671,23289,79960
54604,81692,136296
38645,43488,82133
25968,57282,83250
93081,90321,183402
47911,18932,66843
79865,58329,138194
98065,87830,185895
28825,19697,48522
64058,44434,108492
50878,63869,114747
40850,55824,96674
13614,39136,52750
80224,27307,107531
41119,37495,78614
72391,35924,108315
21759,82403,104162
45331,22923,68254
9239,72574,81813
14918,19065,33983
13705,26535,40240
17878,23166,41044
34655,20496,55151
69817,16884,86701
48223,68866,117089
25324,81450,106774
38647,4396,43043
75825,33246,109071
69472,59335,128807
46051,43841,89892
26878,65536,92414
12688,97929,110617
64939,92463,157402
87889,56698,144587
81677,6470,88147
8959,11936,20895
70882,83230,154112
78469,63761,142230
27853,38439,66292
12716,92398,105114
512,65076,65588
62043,45656,107699
77748,94994,172742
12435,35311,47746
70216,6646,76862
80088,1167,81255
20851,83765,104616
59486,24265,83751
48808,8247,57055
12325,62629,74954
51114,75803,126917
70526,16223,86749
78646,16494,95140
54701,69488,124189
45094,20052,65146
74232,50023,124255
10794,15179,25973
50782,79940,130722
98319,9528,107847
43668,19201,62869
84898,94007,178905
71897,86351,158248
19232,5940,25172
81767,42823,124590
44257,34843,79100
46475,60307,106782
57452,65374,122826
81616,82065,163681
13559,73612,87171
81151,55401,136552
78608,99400,178008
99201,68890,168091
65510,9440,74950
60844,59193,120037
76742,30974,107716
59305,93779,153084
6208,8636,14844
12638,21831,34469
70048,32200,102248
93979,18891,112870
28364,65922,94286
42725,26101,68826
93638,39290,132928
65041,28756,93797
76835,38724,115559
63557,52008,115565
14193,2417,16610
14445,30834,45279
44632,21773,66405
64216,77927,142143
55357,70441,125798
13247,8092,21339
57180,46381,103561
50469,38322,88791
57851,33281,91132
91949,70543,162492
66222,74900,141122
72421,16971,89392
17680,40789,58469
90894,74354,165248
12257,5278,17535
52211,53330,105541
86905,7973,94878
53701,31107,84808
5378,7580,12958
26871,3217,30088
36957,67893,104850
67692,21018,88710
81826,95193,177019
46295,654,46949
82925,79369,162294
91625,63452,155077
31145,59743,90888
65695,50939,116634
8175,32207,40382
37157,99347,136504
83470,70294,153764
13985,58893,72878
35299,97837,133136
1097,57678,58775
3928,11176,15104
80208,58633,138841
19763,74678,94441
43089,97962,141051
59146,68858,128004
38935,98664,137599
9642,65956,75598
702,47263,47965
61690,28117,89807
2588,240,2828
15592,25928,41520
8874,1974,10848
13338,96877,110215
30931,54550,85481
43005,29256,72261
92787,77510,170297
38554,78745,117299
24501,17252,41753
43129,11170,54299
30550,26716,57266
69917,33272,103189
73335,69135,142470
24681,20872,45553
41203,78908,120111
25145,39196,64341
60179,6189,66368
87952,94835,182787
87486,73171,160657
7553,72671,80224
50342,62865,113207
23656,15938,39594
323,91219,91542
85096,56817,141913
3350,49708,53058
98236,10955,109191
83710,55254,138964
3493,19132,22625
71824,43880,115704
77313,577,77890
2866,36882,39748
31080,136,31216
64681,89058,153739
42010,80862,122872
10051,75502,85553
11417,12798,24215
2127,22394,24521
43560,51955,95515
2081,40368,42449
75842,62015,137857
43233,15805,59038
89295,80377,169672
49133,59454,108587
59108,21479,80587
31891,8294,40185
94222,32819,127041
86949,47190,134139
56997,57150,114147
60,3084,3144
29455,39875,69330
74580,35200,109780
28569,76796,105365
43558,85206,128764
65376,24365,89741
47708,51031,98739
93205,24368,117573
17691,73249,90940
4881,453,5334
95554,58955,154509
66635,12701,79336
97844,64569,162413
289,20436,20725
2144,26183,28327
45887,6460,52347
45047,47297,92344
97051,20977,118028
56041,96711,152752
67241,37196,104437
23577,93706,117283
43113,43580,86693
76491,22660,99151
5613,25385,30998
14275,10014,24289
3345,7911,11256
32099,46176,78275
57105,15134,72239
16822,54431,71253
36449,66431,102880
92482,63133,155615
26339,64418,90757
12230,93136,105366
15443,69454,84897
95513,74729,170242
60671,95543,156214
91225,12084,103309
47473,6336,53809
66396,17030,83426
60761,3360,64121
22826,83045,105871
58192,49400,107592
81142,13398,94540
90956,5719,96675
63449,21146,84595
77335,74512,151847
35644,22714,58358
95473,94199,189672
51942,47303,99245
94608,40762,135370
5267,74441,79708
35349,33858,69207
76825,275,77100
94335,24685,119020
99603,79870,179473
47277,38905,86182
82067,7999,90066
38229,54129,92358
94811,29844,124655
24721,77010,101731
77342,94792,172134
49395,49211,98606
2712,48485,51197
22444,4033,26477
17587,4197,21784
3762,24248,28010
75769,21636,97405
61964,78891,140855
10987,75730,86717
79752,61242,140994
9452,83793,93245
46183,64681,110864
59855,45023,104878
33631,75941,109572
93156,20545,113701
84028,2844,86872
41859,2793,44652
78809,76630,155439
69633,83161,152794
21705,97926,119631
87440,54201,141641
84274,99685,183959
27446,54675,82121
33052,71052,104104
22494,62614,85108
28917,60588,89505
20277,76541,96818
34565,55897,90462
19006,42872,61878
33986,70197,104183
61521,67347,128868
63329,50318,113647
7084,36437,43521
6760,72810,79570
98625,4885,103510
10999,79351,90350
81586,38581,120167
38650,11869,50519
2383,49041,51424
59550,50151,109701
55327,72015,127342
25592,89885,115477
60757,32120,92877
27560,30129,57689
45217,24728,69945
26977,27934,54911
38200,56239,94439
84194,62665,146859
62830,12025,74855
48733,90845,139578
52045,78687,130732
60130,6872,67002
81331,74458,155789
58315,62785,121100
10181,56726,66907
1537,57698,59235
47990,63155,111145
71458,59730,131188
16036,72588,88624
4732,21169,25901
8477,41622,50099
58147,60204,118351
60075,94590,154665
48414,58094,106508
45649,4437,50086
908,64853,65761
42580,78412,120992
16498,55627,72125
34877,93980,128857
58779,11011,69790
83738,57934,141672
25481,62026,87507
31110,40834,71944
44987,32590,77577
72098,23717,95815
6706,99886,106592
37520,44334,81854
1437,12527,13964
96954,85494,182448
57975,44914,102889
55531,49599,105130
70740,68005,138745
23362,61885,85247
9092,35885,44977
37064,27441,64505
44694,58622,103316
49688,83267,132955
24463,42359,66822
60695,97382,158077
24439,58697,83136
28885,2869,31754
95532,94507,190039
37285,87691,124976
24792,71636,96428
3143,11040,14183
47724,77069,124793
2975,94788,97763
69967,14306,84273
56904,92086,148990
5675,32535,38210
16573,20543,37116
780,60095,60875
65256,33239,98495
27663,89558,117221
17311,2866,20177
68931,14046,82977
93395,28839,122234
28947,92667,121614
27812,15651,43463
54606,2447,57053
62233,64218,126451
80892,40847,121739
61620,82688,144308
2161,48883,51044
88797,28249,117046
81610,3343,84953
33719,558,34277
48475,66677,115152
78493,23231,101724
74431,51542,125973
7217,79868,87085
97319,80548,177867
29114,53042,82156
83784,87624,171408
97180,93892,191072
23484,70731,94215
60479,31722,92201
49279,99840,149119
80346,8325,88671
38567,17042,55609
80531,24390,104921
65871,28729,94600
84189,62138,146327
49832,71399,121231
1442,8703,10145
28931,61043,89974
36693,327,37020
87834,87185,175019
15942,19798,35740
88024,90632,178656
25367,27771,53138
42406,55010,97416
90118,47827,137945
61396,85302,146698
3700,27362,31062
64577,98599,163176
2722,14508,17230
3279,18275,21554
93490,41267,134757
38561,69583,108144
63422,65124,128546
89093,29871,118964
46287,92144,138431
53468,29294,82762
58834,13634,72468
52584,63290,115874
98458,5667,104125
65641,38286,103927
47646,50479,98125
28621,27661,56282
33394,3683,37077
39362,45000,84362
81549,21750,103299
18105,42968,61073
27215,58274,85489
28567,5628,34195
82803,53506,136309
87133,15226,102359
20550,4754,25304
62918,60801,123719
74750,5804,80554
83925,35958,119883
97366,90724,188090
67320,57419,124739
88338,31975,120313
36679,43117,79796
65624,66647,132271
89471,96890,186361
55833,13111,68944
54268,76992,131260
48153,89489,137642
86869,81586,168455
15792,4301,20093
96308,65810,162118
94901,9154,104055
62003,55113,117116
15715,25265,40980
43268,45944,89212
77360,42638,119998
15846,53161,69007
74610,57409,132019
86751,72395,159146
24689,86114,110803
29441,27012,56453
62660,47853,110513
38013,7109,45122
14644,44886,59530
12968,83847,96815
81697,84515,166212
67811,32972,100783
89493,94434,183927
33732,74982,108714
3959,43770,47729
93365,49030,142395
91809,92091,183900
17749,51308,69057
3116,23365,26481
22939,26020,48959
7961,83511,91472
29546,17241,46787
46305,25845,72150
92716,91108,183824
37382,50365,87747
42742,97039,139781
48395,65432,113827
47467,34848,82315
81053,9419,90472
87200,35792,122992
76233,30376,106609
94471,95320,189791
15213,99639,114852
54687,98879,153566
81988,21572,103560
74124,96647,170771
32330,82738,115068
13296,6473,19769
89393,95662,185055
23413,84545,107958
82294,15906,98200
70792,90831,161623
74446,21135,95581
21271,16770,38041
48636,75071,123707
29079,28161,57240
2775,90059,92834
12402,33438,45840
78199,70905,149104
58239,5496,63735
36684,94635,131319
13396,97658,111054
82843,41140,123983
12862,98127,110989
96597,19092,115689
1641,6288,7929
47039,61577,108616
88207,77958,166165
40901,83457,124358
69325,28086,97411
14652,3125,17777
23947,99601,123548
35143,285,35428
8973,79516,88489
73407,14778,88185
98696,89682,188378
20702,5685,26387
29316,56045,85361
95741,46561,142302
46198,94586,140784
49705,49584,99289
37148,68433,105581
21645,99142,120787
79584,76433,156017
87581,9373,96954
23078,56088,79166
56145,16443,72588
41664,97992,139656
29934,81617,111551
49402,2287,51689
34113,98022,132135
18181,83696,101877
33940,59182,93122
18768,28061,46829
10615,69176,79791
13422,28193,41615
21226,75724,96950
52426,8261,60687
86343,28682,115025
59335,16419,75754
59138,79048,138186
71426,24343,95769
33876,87298,121174
75929,46249,122178
99426,25051,124477
79637,16527,96164
18223,4369,22592
10717,27869,38586
83438,73702,157140
54373,77708,132081
66979,94004,160983
48438,58074,106512
51473,71401,122874
76148,73045,149193
431,33250,33681
45764,13892,59656
3746,97955,101701
26936,11298,38234
66263,39868,106131
60206,708,60914
37237,8100,45337
1370,25951,27321
99915,56610,156525
84805,52075,136880
94173,85139,179312
41751,14641,56392
57826,45539,103365
31557,26091,57648
659,27990,28649
92420,25312,117732
55708,87943,143651
79205,15761,94966
46458,44153,90611
76307,10320,86627
4343,10803,15146
53317,26902,80219
28747,8259,37006
51879,15660,67539
42755,28650,71405
82441,52793,135234
58753,96569,155322
30122,31240,61362
27937,47698,75635
60541,37653,98194
49157,63796,112953
73776,51301,125077
37569,12432,50001
58517,43340,101857
63722,61843,125565
11018,6576,17594
73075,81208,154283
11745,10854,22599
33191,8601,41792
56671,776,57447
57956,2554,60510
59394,60658,120052
70016,17430,87446
88823,65655,154478
28457,76786,105243
64953,49613,114566
88089,17833,105922
92464,43892,136356
23385,44032,67417
55846,78409,134255
81263,32647,113910
86829,60786,147615
499,86026,86525
48283,7445,55728
70102,44653,114755
77412,48185,125597
61855,53069,114924
4785,79809,84594
5961,67706,73667
62218,93033,155251
70393,18390,88783
78826,88551,167377
39460,93686,133146
89173,80975,170148
897,9061,9958
98624,64201,162825
7637,44979,52616
735,57072,57807
81954,67319,149273
11533,43929,55462
42116,97611,139727
86271,8207,94478
53802,78540,132342
82237,14255,96492
28890,51092,79982
46255,45821,92076
25919,20542,46461
52215,45327,97542
92385,26218,118603
27552,99478,127030
60883,13700,74583
76222,77267,153489
99664,22949,122613
76084,50094,126178
52589,43612,96201
92969,54863,147832
82534,27388,109922
43543,92592,136135
44163,8302,52465
37358,15434,52792
83800,90523,174323
52377,78441,130818
42610,97569,140179
24712,33414,58126
22698,46661,69359
6641,79411,86052
85748,65519,151267
46590,96955,143545
66763,77453,144216
49512,96229,145741
19340,62401,81741
94498,92287,186785
93519,562,94081
55081,98284,153365
50905,28121,79026
34138,88651,122789
26024,68315,94339
77167,98647,175814
43233,45443,88676
27093,36410,63503
57021,11008,68029
23611,99885,123496
1790,60920,62710
90584,33901,124485
14438,10601,25039
66799,60376,127175
62030,56661,118691
94835,39531,134366
17962,57028,74990
6086,31243,37329
1055,40569,41624
57830,37548,95378
75552,5154,80706
33139,2041,35180
52143,85473,137616
23101,81559,104660
88052,86598,174650
7388,24990,32378
28543,69816,98359
30147,54236,84383
98472,73782,172254
98680,98145,196825
76947,91237,168184
56778,96626,153404
66733,24179,90912
18373,36897,55270
78444,64402,142846
25829,78335,104164
95439,62741,158180
25367,60416,85783
98972,1556,100528
22600,10658,33258
21228,80756,101984
27273,64116,91389
60635,18822,79457
37009,63332,100341
8576,78354,86930
64821,48857,113678
34416,11076,45492
88555,72898,161453
13035,37463,50498
20394,86084,106478
15000,72457,87457
11851,95068,106919
49208,13692,62900
51088,89448,140536
20450,13441,33891
28341,87952,116293
92989,36396,129385
97079,3941,101020
8486,96599,105085
79935,30007,109942
30885,69590,100475
76394,89138,165532
9949,73850,83799
14824,98384,113208
50544,4568,55112
75823,57441,133264
93817,6681,100498
72355,56022,128377
25892,62622,88514
80967,65952,146919
57586,31828,89414
37581,16017,53598
89421,38097,127518
83732,64358,148090
42235,86211,128446
95896,51180,147076
42578,80509,123087
80323,38113,118436
16389,92553,108942
73934,12462,86396
55522,6188,61710
58496,44568,103064
892,22716,23608
89991,46960,136951
25874,97327,123201
51276,92532,143808
33789,69915,103704
80358,64305,144663
63044,62400,125444
89708,24273,113981
11820,89610,101430
71334,95981,167315
10985,37284,48269
95596,48787,144383
40655,64136,104791
43106,55433,98539
84751,25410,110161
27930,31099,59029
79865,54410,134275
91553,48642,140195
36522,42573,79095
19509,86469,105978
86291,52807,139098
63565,66663,130228
33103,35170,68273
71011,75721,146732
21126,38790,59916
76914,44625,121539
17689,72138,89827
82750,71055,153805
90279,30164,120443
71145,14873,86018
72486,35936,108422
30617,86589,117206
75485,92713,168198
28308,98460,126768
71877,42391,114268
31607,75308,106915
67997,87599,155596
62399,17240,79639
20926,86491,107417
48684,86932,135616
94381,43163,137544
82755,33395,116150
50424,5940,56364
6683,419,7102
27031,43655,70686
91053,46681,137734
64104,27825,91929
56477,9720,66197
41385,45015,86400
12344,99674,112018
90963,69476,160439
4136,84003,88139
82113,34697,116810
33848,41682,75530
78418,24402,102820
17413,64269,81682
49235,86235,135470
98036,84220,182256
16500,58862,75362
92729,99150,191879
61391,27247,88638
22603,4076,26679
44945,76691,121636
53287,10296,63583
79399,55438,134837
61769,46373,108142
57547,49452,106999
70235,58594,128829
57729,20170,77899
96493,90733,187226
44576,75470,120046
52774,80544,133318
75667,47694,123361
70546,82930,153476
49805,73986,123791
66173,33146,99319
79858,89813,169671
89002,85035,174037
52473,27688,80161
75107,41997,117104
29033,83210,112243
62503,77771,140274
82597,1226,83823
35837,12897,48734
20914,50502,71416
49398,63442,112840
67804,25933,93737
73218,18330,91548
92404,72415,164819
2087,52306,54393
51062,65640,116702
18503,6337,24840
65469,16436,81905
96082,80981,177063
54822,57563,112385
1447,57340,58787
73067,36902,109969
73420,9834,83254
45208,1652,46860
99002,97318,196320
6147,42284,48431
46605,67467,114072
4263,94902,99165
61760,44155,105915
80137,98992,179129
48665,12283,60948
20245,67855,88100
45812,1327,47139
52169,65801,117970
2681,60588,63269
5638,31614,37252
8167,28589,36756
44405,34703,79108
74903,93499,168402
30247,57658,87905
23166,25620,48786
13272,19585,32857
12908,92084,104992
7188,39009,46197
16612,53920,70532
75095,71201,146296
2980,37266,40246
33195,6757,39952
66975,1921,68896
17356,66312,83668
88809,43926,132735
93992,9008,103000
94198,46126,140324
99488,63240,162728
11769,99665,111434
56018,60028,116046
71324,26770,98094
77874,93108,170982
13094,40857,53951
65462,96299,161761
30525,68098,98623
56564,26955,83519
45162,8707,53869
96226,45974,142200
39742,34488,74230
56750,92440,149190
75457,98512,173969
95826,15962,111788
54173,45841,100014
39304,88128,127432
22410,98309,120719
46023,52667,98690
4529,62191,66720
4950,26875,31825
18474,74711,93185
95347,6340,101687
33816,91652,125468
88570,81794,170364
9710,36128,45838
78606,1614,80220
69971,63617,133588
19420,26411,45831
42329,36753,79082
54197,84017,138214
7684,82951,90635
15886,32509,48395
17482,1458,18940
41554,8937,50491
68281,60036,128317
7981,7963,15944
57378,41401,98779
77771,40163,117934
91721,95761,187482
25107,5742,30849
82618,97537,180155
3146,41723,44869
69709,87130,156839
79529,68574,148103
77150,5273,82423
59302,37847,97149
2381,99640,102021
35365,36948,72313
65719,93323,159042
26690,6109,32799
51540,1091,52631
78935,42050,120985
44834,37422,82256
66329,28348,94677
95574,88847,184421
55654,52415,108069
67270,16710,83980
6007,18485,24492
55651,74599,130250
99700,64984,164684
59527,44898,104425
15618,66479,82097
3563,53209,56772
97847,9465,107312
61468,33246,94714
15525,57660,73185
54561,54007,108568
3510,67275,70785
23895,78701,102596
21097,76043,97140
13468,65181,78649
55357,40627,95984
14004,2752,16756
77275,59536,136811
93087,51682,144769
18439,5166,23605
33921,13441,47362
3341,29931,33272
8207,52785,60992
79339,54722,134061
45470,38029,83499
83866,79306,163172
83417,23857,107274
71314,53008,124322
52230,65278,117508
27976,18104,46080
10922,3508,14430
47466,3379,50845
94860,98096,192956
73401,94979,168380
